-1.8406064154995012 -0.8111324124873839
-1.8431458206744185 -0.8047355724752223
-1.8456651077191233 -0.7983332487047592
-1.8481642625990975 -0.7919255589107758
-1.8506432712800969 -0.7855126208273586
-1.853102119727874 -0.7790945521885937
-1.8555407939079154 -0.7726714707292632
-1.8579592797860613 -0.7662434941832209
-1.8603575633278011 -0.7598107402852496
-1.8627356304988867 -0.7533733267694351
-1.8650934672650672 -0.7469313713698624
-1.8674310595918362 -0.7404849918213157
-1.8697483934449433 -0.7340343058578799
-1.8720454547901355 -0.7275794312136399
-1.874322229592911 -0.7211204856233804
-1.8765787038190171 -0.7146575868211864
-1.8788148634341986 -0.7081908525411418
-1.8810306944039576 -0.7017204005180326
-1.883226182694119 -0.695246348485709
-1.8854013142701878 -0.6887688141789571
-1.887556075097908 -0.682287915331861
-1.8896904511430204 -0.6758037696785043
-1.8918044283710351 -0.6693164949536742
-1.8938981326379012 -0.6628260136423724
-1.8959714031913015 -0.6563326580636364
-1.8980242230527418 -0.6498365529536315
-1.9000565891031191 -0.643337803348532
-1.9020684982233287 -0.6368365142845118
-1.9040599472940467 -0.6303327907984504
-1.9060309331961687 -0.6238267379265217
-1.9079814528105872 -0.6173184607048993
-1.909911503017983 -0.6108080641704633
-1.9118210806993183 -0.6042956533591517
-1.913710182735277 -0.5977813333078449
-1.9155788060067507 -0.5912652090527163
-1.9174269473946282 -0.5847473856299393
-1.9192546037795981 -0.5782279680763945
-1.9210617720425496 -0.5717070614282553
-1.9228484490643694 -0.5651847707216949
-1.9246146317257502 -0.5586612009935942
-1.9263603169075796 -0.5521364572801264
-1.9280855014907416 -0.5456106446174647
-1.9297901823559336 -0.53908386804249
-1.9314743563841013 -0.5325562325911395
-1.9331380204559447 -0.5260278433002945
-1.9347811714523477 -0.5194988052061279
-1.9364038062541908 -0.5129692233448127
-1.9380059217421788 -0.5064392027532304
-1.9395875147971928 -0.49990884846755385
-1.9411485823001113 -0.493378265523956
-1.9426891211316437 -0.4868475589593184
-1.9442091281726688 -0.48031683380981394
-1.9457086003040627 -0.47378619511161546
-1.9471875344065392 -0.4672557479016045
-1.9486459749189715 -0.4607255063861758
-1.950083880160134 -0.45419565682885393
-1.9515012456775254 -0.44766630901531124
-1.9528980764879706 -0.4411375540755915
-1.9542743776081435 -0.4346094831404473
-1.9556301540548695 -0.4280821873399223
-1.9569654108449712 -0.42155575780406074
-1.9582801529951266 -0.4150302856636146
-1.959574385522159 -0.408505862048628
-1.960848113442889 -0.40198257808914495
-1.9621013417739988 -0.39546052491591754
-1.9633340755323538 -0.3889397936587539
-1.9645463197346396 -0.38242047544840585
-1.9657380793976758 -0.37590266141491757
-1.966909359538279 -0.3693864426883334
-1.968060165173139 -0.3628719103994049
-1.9691905013190736 -0.35635915567817633
-1.9703003729928967 -0.3498482696546923
-1.9713897852113031 -0.3433393434597038
-1.9724587429911078 -0.3368324682232554
-1.9735072513491232 -0.3303277350753919
-1.9745353153020477 -0.323825235146864
-1.9755429398666946 -0.3173250595677164
-1.976530164914895 -0.31082721495991855
-1.977496965438584 -0.3043318685910143
-1.978443340147119 -0.2978391285656451
-1.9793693001819475 -0.29134907249559466
-1.9802748566846209 -0.28486177799194234
-1.981160020796687 -0.2783773226657677
-1.9820248036595987 -0.2718957841288539
-1.9828692164149044 -0.26541723999228045
-1.9836932702041505 -0.2589417678671273
-1.9844969761687934 -0.252469445365177
-1.98528034545038 -0.24600035009750942
-1.986043389190454 -0.23953455967520482
-1.9867861185304767 -0.23307215171004503
-1.9875085446120182 -0.22661320381287667
-1.9882106785765425 -0.2201577935954811
-1.9888925315655932 -0.21370599866893875
-1.9895541147207099 -0.20725789664433056
-1.9901954391833612 -0.20081356513343707
-1.990816516095088 -0.19437308174733917
-1.991417356597428 -0.18793652409711809
-1.9919979718318546 -0.1815039697945537
-1.992558372939906 -0.1750754964507271
-1.9930985710631177 -0.1686511816767202
-1.9936186031619982 -0.1622310267523791
-1.9941184619353487 -0.15581516677726023
-1.9945981498405567 -0.1494037068054032
-1.9950576831480704 -0.14299671062690797
-1.9954970781283343 -0.136594242031875
-1.995916351051746 -0.13019636481109959
-1.9963155181887506 -0.12380314275468204
-1.9966945958097908 -0.11741463965272347
-1.9970536001852686 -0.11103091929601805
-1.997392547585627 -0.10465204547466668
-1.9977114542813064 -0.09827808197877094
-1.9980103365427133 -0.09190909259912397
-1.998289210640298 -0.08554514112559711
-1.9985480928444699 -0.07918629134898274
-1.9987869994256686 -0.07283260705938267
-1.9990059466543308 -0.0664841520468994
-1.9992049508008698 -0.06014099010232424
-1.9993840281357231 -0.05380318501575948
-1.9995431949293256 -0.047470800577308264
-1.9996824674520945 -0.04114390057776071
-1.9998018619744657 -0.034822548807219716
-1.9999013947668711 -0.028506809055789006
-1.999981082099733 -0.022196745114257538
-2.00004095836098 -0.015892356207010114
-2.000081030290369 -0.009593742734643593
-2.0001013044897373 -0.0033010047896452482
-2.000101801367968 0.0029858072285510913
-2.000082541333942 0.009266642919601623
-2.000043544796541 0.015541451883844815
-1.999984832164644 0.021810183721618262
-1.9999064238471362 0.02807278803257946
-1.9998083402528974 0.034329214417066226
-1.999690601790804 0.040579412475415515
-1.999553228869746 0.04682333180728612
-1.9993962418986004 0.05306092201301524
-1.9992196612862423 0.059292132692939065
-1.9990235074415652 0.06551691344671784
-1.9988078007734367 0.07173521387491279
-1.998572561690753 0.0779469835771851
-1.9983178106023887 0.08415217215387075
-1.9980435679172142 0.0903507292053048
-1.9977498540441307 0.0965426043311498
-1.9974366893920101 0.1027277471317411
-1.9971040943697211 0.10890610720741298
-1.9967520893861692 0.11507763415782948
-1.996380694850224 0.12124227758332512
-1.995989943082925 0.1274000382542675
-1.995579851200065 0.1335508492385832
-1.995150430173772 0.13969461768127756
-1.9947017036142003 0.14583130555735882
-1.9942336951314583 0.15196087484250206
-1.9937464283356516 0.15808328751238132
-1.9932399268369392 0.16419850554200643
-1.9927142142454268 0.17030649090705163
-1.9921693141712182 0.17640720558319026
-1.9916052502244763 0.18250061154543362
-1.9910220460153052 0.1885866707694553
-1.9904197251538063 0.19466534523092766
-1.9897983112501465 0.20073659690486376
-1.9891578279144047 0.20680038776715548
-1.9884982987567505 0.21285667979281686
-1.9878197473872847 0.21890543495752013
-1.9871221974161053 0.22494661523693638
-1.986405672453386 0.23098018260608122
-1.9856701961092256 0.23700609904062608
-1.98491579199372 0.24302432651624123
-1.9841424837170474 0.249034827007944
-1.983350294889304 0.2550375624914049
-1.9825392491205838 0.2610324949422934
-1.9817093772312993 0.26701962411152075
-1.9808607033388443 0.2729989124507819
-1.9799932427970586 0.2789702766796769
-1.979107021570106 0.2849336897062886
-1.978202065622024 0.2908891244395634
-1.9772784009169788 0.2968365537875854
-1.9763360534190395 0.30277595065908514
-1.975375049092272 0.3087072879627919
-1.9743954139008473 0.3146305386067915
-1.973397173808832 0.3205456754998137
-1.9723803547802905 0.3264526715505869
-1.9713449827793974 0.3323514996671987
-1.9702910837702172 0.3382421327583778
-1.9692186837168126 0.34412454373285184
-1.968127808583362 0.34999870549871026
-1.9670184843338876 0.3558645909648928
-1.9658907369325713 0.3617221730394902
-1.964744592343474 0.36757142463122966
-1.9635800765306552 0.3734123186488372
-1.9623972154582998 0.3792448280004053
-1.9611960350904671 0.3850689255946603
-1.9599765613912143 0.39088458434032736
-1.958738820324731 0.39669177714550063
-1.9574828417537429 0.4024905025185572
-1.9562086539227455 0.4082807463047299
-1.954916276346303 0.41406243695561945
-1.953605736610571 0.41983555659324073
-1.9522770623018935 0.4256000873387726
-1.950930281006473 0.43135601131402035
-1.9495654203105088 0.43710331064078833
-1.9481825078003492 0.4428419674402572
-1.946781571062194 0.4485719638342316
-1.9453626376822415 0.4542932819445146
-1.943925735246843 0.46000590389228896
-1.9424708913421975 0.4657098117993582
-1.9409981335545 0.4714049877875246
-1.9395074894701068 0.4770914139779727
-1.9379989866751588 0.4827690724927104
-1.9364726527560152 0.4884379454529234
-1.9349285152988704 0.4940980149804136
-1.9333666018899174 0.499749263196982
-1.9317869401155179 0.505391672223816
-1.9301895575618655 0.5110252241827167
-1.9285744818151507 0.5166499011954839
-1.9269417404617393 0.5222656853833073
-1.9252913610878228 0.5278725588679869
-1.923623374226851 0.5334705307290991
-1.9219378113376184 0.5390596167076387
-1.9202346921524802 0.5446397245312011
-1.918514045367606 0.5502108444640668
-1.916775899679352 0.5557729667699111
-1.915020283783825 0.5613260817132154
-1.9132472263773843 0.5668701795576567
-1.9114567561561984 0.5724052505675149
-1.909648901816434 0.5779312850070685
-1.9078236920544538 0.5834482731399963
-1.9059811555664252 0.5889562052305772
-1.9041213210485126 0.594455071543089
-1.9022442171970826 0.5999448623412122
-1.9003498727083008 0.6054255678892251
-1.8984383162783294 0.610897178451404
-1.896509576603539 0.6163596842914318
-1.8945636823800223 0.6218130756737826
-1.892600662304152 0.6272573428621405
-1.8906205450720905 0.6326924761207819
-1.8886233593799973 0.6381184657139816
-1.8866091339242488 0.6435353019054258
-1.8845778974010055 0.6489429749593897
-1.882529678506425 0.6543414751401473
-1.8804645059368876 0.6597307927113867
-1.8783824083885516 0.6651109179373822
-1.8762834145575733 0.6704818410824066
-1.8741675531403363 0.6758435524101503
-1.87203485283292 0.6811960421850798
-1.8698853432038716 0.6865393141991738
-1.8677190553648342 0.6918733918185709
-1.8655360150491465 0.6971982143867935
-1.8633362515275917 0.7025137782299355
-1.8611197940707167 0.7078200796746688
-1.8588866719490653 0.7131171150476637
-1.8566369144334247 0.7184048806750162
-1.8543705507943393 0.7236833728833969
-1.8520876103023516 0.7289525879994755
-1.849788122228252 0.7342125223493496
-1.8474721158424992 0.739463172259879
-1.8451396204158863 0.7447045340571627
-1.842790665218955 0.7499366040678701
-1.8404252795222444 0.7551593786186687
-1.838043492596551 0.7603728540356598
-1.835645333712415 0.7655770266455115
-1.8332308321403739 0.7707718927748907
-1.8308000171512273 0.7759574487499005
-1.8283529180155138 0.781133690897208
-1.8258895640037691 0.7863006155434791
-1.8234099843867964 0.7914582190148189
-1.8209142084351326 0.7966064976378937
-1.8184022654193113 0.801745447739368
-1.8158741846101398 0.8068750656453493
-1.8133299952780604 0.8119953476826876
-1.8107697266938823 0.8171062901774915
-1.808193408128139 0.8222078894564254
-1.8056010688513617 0.8273001418461525
-1.802992738164161 0.8323830514749578
-1.800368445657759 0.8374566491470521
-1.7977282206717558 0.8425208846101113
-1.7950720926385009 0.8475757577808983
-1.7924000909900581 0.8526212685767259
-1.7897122451584886 0.8576574169149054
-1.7870085845761454 0.8626842027122017
-1.7842891386749917 0.8677016258861081
-1.7815539368873832 0.8727096863533906
-1.7788030086453803 0.8777083840313605
-1.7760363833810413 0.8826977188373274
-1.7732540905267253 0.8876776906880597
-1.7704561595144912 0.8926482995008672
-1.7676426197763955 0.8976095451930588
-1.7648135007448007 0.9025614276814047
-1.761968831851764 0.907503946883214
-1.7591086425293403 0.9124371027157944
-1.756232962209895 0.9173608950959182
-1.7533418203253794 0.9222753239410711
-1.7504352463081612 0.9271803891680268
-1.7475132695902944 0.9320760906940927
-1.7445759196038317 0.9369624284365746
-1.741623225781144 0.9418394023122485
-1.7386552175542842 0.9467070122384205
-1.735671924355303 0.9515652581323956
-1.7326733756165746 0.9564141399109517
-1.7296596007701504 0.961253657491394
-1.726630629248079 0.9660838107910265
-1.7235864904827385 0.9709045997266289
-1.7205272139060674 0.9757160242156795
-1.7174528289504458 0.9805180841749596
-1.7143633650479218 0.9853107795217726
-1.7112588516305418 0.9900941101734207
-1.708139318130689 0.9948680760466875
-1.70500479398041 0.999632677058875
-1.7018553086117496 1.004387913127285
-1.6986908925979685 1.009133727805271
-1.6955115742152729 1.0138701908608534
-1.6923173828503655 1.0185973033239013
-1.6891083479134548 1.023315064944559
-1.6858844988144022 1.028023475473484
-1.6826458649630676 1.0327225346613325
-1.6793924757696623 1.0374122422582506
-1.6761243606439278 1.0420925980150644
-1.6728415489960775 1.046763601681921
-1.669544070235971 1.0514252530094768
-1.6662319537734647 1.0560775517483858
-1.6629052290187754 1.0607204976487978
-1.6595639253817607 1.0653540904613679
-1.6562080722722758 1.0699783299367494
-1.652837699100541 1.0745932158250937
-1.6494528352764115 1.079198747877055
-1.6460535102097418 1.0837949258432855
-1.6426397533107542 1.0883817494739394
-1.6392115939891794 1.0929592185198342
-1.635769061655242 1.0975273327311255
-1.6323121857187954 1.1020860918584654
-1.628840995589691 1.1066354956525044
-1.6253555206781567 1.1111755438634
-1.6218557903940445 1.1157062362418029
-1.6183418341472038 1.1202275725383628
-1.6148136813478662 1.1247395525032393
-1.6112713614058813 1.129242175887082
-1.6077149037310978 1.1337354424405401
-1.6041443377337499 1.1382193519137744
-1.6005596928235561 1.142693904057596
-1.5969609984107531 1.1471590986221671
-1.5933482839051882 1.1516149353581364
-1.5897215787167072 1.1560614140161507
-1.5860809122555495 1.1604985343463747
-1.582426313931561 1.1649262960994557
-1.578757813154586 1.1693446990260397
-1.5750754393348672 1.1737537428762934
-1.5713792218822484 1.1781534274008632
-1.567669190206573 1.1825437523503937
-1.563945373718086 1.1869247174750541
-1.560207801826495 1.1912963225256472
-1.5564565039420475 1.1956585672523437
-1.552691509474586 1.2000114514057874
-1.54891284783395 1.2043549747366222
-1.5451205530283545 1.2086890961202774
-1.5413146684284271 1.2130136900503197
-1.5374952008811613 1.21732895454811
-1.5336621801577939 1.2216348840798203
-1.5298156360291466 1.2259314731120903
-1.52595559826604 1.2302187161115585
-1.522082096639713 1.2344966075443984
-1.5181951609209865 1.2387651418772492
-1.5142948208806788 1.2430243135767483
-1.5103811062900325 1.2472741171090709
-1.5064540469197243 1.2515145469410085
-1.5025136725409984 1.255745597538738
-1.498560012924673 1.2599672633688963
-1.4945930978415642 1.2641795388981194
-1.4906129570629192 1.2683824185925863
-1.4866196203595545 1.2725758969189331
-1.4826131175022854 1.276759968343795
-1.4785934782623615 1.2809346273333524
-1.4745607324105983 1.2850998683542407
-1.4705149097178087 1.2892556858730937
-1.466456039955246 1.2934020743560946
-1.4623841528935766 1.2975390282700268
-1.4582992783040545 1.301666542081075
-1.4542014459574932 1.3057846102558721
-1.4500906856247036 1.3098932272610506
-1.4459670270769431 1.3139923875627968
-1.4418305000850236 1.3180820856277433
-1.4376811344197542 1.3221623159225209
-1.4335189598523954 1.3262330729133183
-1.4293440061537572 1.330294351066767
-1.4251563030946484 1.3343461448494969
-1.4209558804463314 1.3383884487276985
-1.4167427679794624 1.342421257168148
-1.4125169954653067 1.346444564637037
-1.4082785926746717 1.3504583656009956
-1.4040275893783636 1.3544626545266523
-1.3997640153476498 1.3584574258802002
-1.395487900353337 1.362442674128269
-1.3911992741662296 1.3664183937374852
-1.3868981665575981 1.3703845791740454
-1.3825846072982475 1.374341224904577
-1.378258626158981 1.3782883253957061
-1.373920252911072 1.3822258751136312
-1.3695695173251663 1.3861538685251202
-1.3652064491725386 1.3900723000963733
-1.3608310866836117 1.3939811168172545
-1.3564434625483546 1.3978802916115451
-1.352043592300943 1.4017698951608817
-1.3476315067699511 1.4056499142848948
-1.3432072367839507 1.4095203358032147
-1.338770813171994 1.4133811465350505
-1.3343222667626535 1.4172323333000327
-1.3298616283845 1.4210738829177898
-1.325388928866588 1.4249057822075337
-1.3209041990374892 1.4287280179888935
-1.3164074697257726 1.4325405770814967
-1.3118987717604957 1.4363434463045572
-1.307378135970065 1.4401366124778399
-1.302845593183539 1.4439200624205604
-1.2983011742294872 1.447693782952346
-1.2937449099364766 1.4514577608928223
-1.2891768311335692 1.455211983061207
-1.2845969686493326 1.4589564362771261
-1.2800053533123326 1.4626911073602045
-1.2754020159516337 1.4664159831296617
-1.2707869873958024 1.4701310504051228
-1.266160298473403 1.4738362960062117
-1.2615219800135027 1.47753170675215
-1.2568720628444983 1.481217269462695
-1.2522105777954582 1.48489297095707
-1.2475375556949466 1.488558798054898
-1.2428530273715264 1.492214737575801
-1.2381570236542683 1.4958607763390046
-1.2334495753717356 1.4994969011641308
-1.2287307133524894 1.5031230988708004
-1.2240004684256036 1.5067393562782412
-1.2192588714196397 1.510345660206074
-1.2145059576872947 1.5139419791613051
-1.2097417824610286 1.517528199663814
-1.2049663416489251 1.5211044477566935
-1.2001796678341898 1.5246707018395604
-1.1953817935995104 1.5282269403124196
-1.1905727515275726 1.531773141575274
-1.1857525742015846 1.5353092840277427
-1.1809212942042329 1.5388353460698292
-1.1760789441182018 1.5423513061015355
-1.1712255565267022 1.5458571425224827
-1.1663611640124192 1.5493528337326734
-1.161485799158036 1.5528383581321084
-1.156599494546766 1.556313694120411
-1.1517022827612926 1.5597788200975828
-1.1467941963842985 1.5632337144636235
-1.141875267998999 1.5666783556181585
-1.136945530187898 1.5701127219613122
-1.1320050155342125 1.5735367918927115
-1.1270537566206245 1.5769505438123557
-1.1220917860298143 1.580353956120243
-1.1171191363450013 1.5837470072160027
-1.112135840148866 1.5871296754996331
-1.1071419300240877 1.590501939371131
-1.102137438553888 1.593863777230128
-1.0971223983209464 1.5972151674766215
-1.0920968419079413 1.600556088510607
-1.087060801898096 1.6038865187317182
-1.0820143108739066 1.6072064365400713
-1.0769574014185983 1.6105158203353014
-1.0718901061148487 1.6138146485174039
-1.0668124575453342 1.6171028994863725
-1.061724488293282 1.620380551641845
-1.0566262309413692 1.6236475833838153
-1.0515177613403879 1.6269038393117472
-1.0463990674965709 1.6301494322085028
-1.0412701770895487 1.6333843542202722
-1.0361311253669778 1.6366085742888512
-1.030981947577071 1.6398220613556862
-1.025822678967298 1.6430247843626886
-1.0206533547858734 1.6462167122513065
-1.0154740102804525 1.6493978139633347
-1.0102846806986896 1.6525680584405678
-1.0050854012888013 1.655727414624455
-0.9998762072984423 1.658875851456791
-0.994657133975265 1.6620133378793684
-0.9894282165674888 1.6651398428336397
-0.9841894903227669 1.6682553352613976
-0.9789409904887509 1.6713597841044336
-0.9736827523136624 1.6744531583042028
-0.9684148110449625 1.677535426802608
-0.9631372019308743 1.6806065585411056
-0.9578499602190489 1.6836665224614868
-0.9525531211571364 1.6867152875055411
-0.9472467199933617 1.6897528226147271
-0.9419307919753752 1.6927790967308347
-0.9366053723508256 1.695794078795652
-0.9312704963679401 1.6987977377506405
-0.9259261992743679 1.7017900425375885
-0.920572516317757 1.7047709620982832
-0.9152094827463363 1.707740465374188
-0.9098371338077542 1.7106985213070909
-0.9044555047496574 1.713645098838777
-0.8990646308202771 1.7165801669107128
-0.893664547267065 1.71950369446479
-0.8882552893382535 1.7224156504424761
-0.8828369332830807 1.725315907276842
-0.877409490572247 1.728204486924917
-0.8719729706592912 1.731081417281847
-0.86652741243762 1.7339466575135576
-0.8610728548006388 1.7368001667859727
-0.8556093366423451 1.739641904264707
-0.8501368968561445 1.742471829115685
-0.8446555743354416 1.745289900504829
-0.8391654079742357 1.7480960775977563
-0.8336664366657326 1.750890319560491
-0.8281586993039329 1.7536725855586517
-0.8226422347822409 1.7564428347581607
-0.8171170819940592 1.7592010263249387
-0.8115832798333906 1.7619471194246068
-0.8060408671936382 1.7646810732230862
-0.800489882968204 1.767402846886296
-0.7949303660510924 1.7701123995798602
-0.7893623553357055 1.7728096904696986
-0.7837858897154445 1.7754946787217292
-0.7782010080843157 1.7781673235015782
-0.7726077493355178 1.7808275839752603
-0.7670061523630585 1.783475419308404
-0.7613962560603383 1.7861107886669265
-0.7557780993207569 1.7887336512167438
-0.7501517210383235 1.7913439661234867
-0.744517160106438 1.7939416925530716
-0.7388744554184989 1.7965267896714123
-0.7332236458685174 1.7990992166441433
-0.7275647703498923 1.8016589326371788
-0.7218978677560215 1.804205896816432
-0.7162229769809177 1.8067400683475396
-0.7105401369177733 1.8092614063965056
-0.7048494161133346 1.8117698188384956
-0.699150869207276 1.8142652350640305
-0.6934444785317515 1.816747709903069
-0.6877302875950273 1.8192171933337773
-0.6820083399047505 1.8216736353345901
-0.6762786789685671 1.824116985883941
-0.6705413482947448 1.8265471949599987
-0.6647963913909298 1.8289642125411967
-0.6590438517647674 1.831367988605967
-0.6532837729245269 1.8337584731324814
-0.6475161983778538 1.836135616099172
-0.6417411716323923 1.8384993674844692
-0.6359587361964135 1.8408496772665475
-0.6301689355773527 1.843186495423922
-0.6243718132834817 1.845509771934769
-0.6185674128224447 1.8478194567775188
-0.6127557777018847 1.8501154999305989
-0.6069369514300754 1.8523978513721886
-0.6011109775146601 1.8546664610807166
-0.5952778994632811 1.8569212790346097
-0.5894377607842135 1.8591622552120497
-0.5835906049851 1.8613893395914636
-0.5777364755735819 1.8636024821512764
-0.5718754160579359 1.8658016328696738
-0.5660074699455917 1.8679867417251597
-0.5601326807448268 1.8701577586959213
-0.5542510919632826 1.872314633760383
-0.5483627471085992 1.8744573168969678
-0.5424676896890559 1.8765857580838654
-0.5365659632122932 1.8786999072994992
-0.5306576111859508 1.88079971452229
-0.524742677118309 1.8828851297304312
-0.5188212136887433 1.884956092503949
-0.5128933367272582 1.887012468623632
-0.506958994543678 1.8890543132676703
-0.5010182361135407 1.891081568927998
-0.4950711104132436 1.8930941780962545
-0.4891176664185392 1.8950920832642997
-0.48315795310517945 1.897075226923991
-0.47719201944956285 1.8990435515669715
-0.4712199144274413 1.9009969996850993
-0.46524168701456603 1.9029355137702302
-0.45925738618733686 1.9048590363140103
-0.45326706092150504 1.9067675098082966
-0.4472707601928211 1.9086608767449427
-0.4412685329776862 1.9105390796155985
-0.4352604282516336 1.912402060912186
-0.4292464949910653 1.9142497631263562
-0.42322678217173165 1.9160821287499634
-0.4172013387693819 1.9178991002748589
-0.41117021376041946 1.9197006201926978
-0.4051334561205938 1.9214866309953322
-0.39909111482565385 1.9232570751746119
-0.3930432388520041 1.925011895222195
-0.38698987717539346 1.9267510336299323
-0.3809310787715701 1.928474432889672
-0.37486689261693995 1.9301820354930754
-0.36879736768725113 1.9318737839319915
-0.3627225529582514 1.9335496206982667
-0.3566424974063477 1.9352094882835662
-0.35055725000706744 1.936853329179796
-0.3444668597368184 1.9384810858786234
-0.338371375571348 1.9400927008718947
-0.3322708464864028 1.941688116651453
-0.3261653214583917 1.9432672757089695
-0.32005493374963795 1.94483007706316
-0.3139396506454653 1.9463764999596511
-0.3078195088436817 1.947906491454457
-0.3016945634051504 1.9494199895434028
-0.2955648693907339 1.950916932222311
-0.2894304818619599 1.9523972574868422
-0.283291455879469 1.953860903332872
-0.27714784650478963 1.9553078077560637
-0.270999708798784 1.9567379087522392
-0.2648470978223139 1.9581511443172182
-0.2586900686369087 1.959547452446667
-0.25252867630343023 1.9609267711364058
-0.24636297588273975 1.9622890383822527
-0.24019302243636756 1.9636341921798777
-0.23401887102517505 1.964962170525099
-0.22784057671002295 1.966272911413733
-0.2216581945524425 1.9675663528414533
-0.21547177961307085 1.9688424328041223
-0.20928138695343979 1.9701010892974167
-0.20308707163440987 1.9713422603171513
-0.1968888887168413 1.9725658838591393
-0.1906868932622666 1.9737718979190608
-0.18448114033154603 1.9749602404927291
-0.17827168498553927 1.9761308495759553
-0.17205858228577972 1.977283663164423
-0.1658418872931273 1.9784186192539441
-0.15962165506844114 1.9795356558403274
-0.15339794067325555 1.9806347109192606
-0.14717079916820466 1.9817157224865924
-0.1409402856148232 1.9827786285380131
-0.13470645507397036 1.983823367069331
-0.12846936260650474 1.9848498760763518
-0.12222912312072487 1.9858581089000846
-0.11598576317797549 1.986847990721318
-0.10973929603090399 1.9878194458211773
-0.10348978307080677 1.9887724120521668
-0.09723728568830249 1.9897068272668954
-0.09098186527400942 1.9906226293179698
-0.08472358321922459 1.9915197560578974
-0.07846250091456639 1.9923981453392856
-0.07219867975065271 1.993257735014739
-0.06593218111878124 1.9940984629367688
-0.059663066409343254 1.99492026695801
-0.053391397013636765 1.9957230849309768
-0.047117234322279655 1.996506854708273
-0.04084063972588936 1.9972715141424997
-0.03456167461576452 1.9980170010861755
-0.028280400382522677 1.9987432533919023
-0.021996878416781093 1.9994502089122785
-0.015711170109838843 2.0001378054998273
-0.009423336852313266 2.0008059810071486
-0.0031334400348213415 2.0014546732868386
0.003158458951337373 2.002083820191425
0.00945229871577341 2.002693359573526
0.015748017867186964 2.003283229285672
0.022045555014961166 2.0038533671804593
0.028344848768479203 2.0044037111104807
0.03464583773644095 2.0049341989282707
0.04094846052822965 2.005444768486423
0.04725265575322876 2.0059353576375294
0.053558362020137695 2.006405904234127
0.05986551793833994 2.006856346128809
0.06617406211721907 2.0072866211741633
0.07248393316547427 2.007696667222733
0.07879503871487095 2.0080864632469058
0.08510729216060159 2.008455974706307
0.09142069836640417 2.008805046473006
0.09773518987331589 2.009133621850838
0.1040506992216888 2.0094416441436045
0.11036715895256007 2.0097290566551416
0.11668450160696701 2.0099958026892826
0.12300265972526145 2.0102418255498327
0.12932156584848065 2.0104670685406263
0.13564115251766207 2.010671474965495
0.14196135227315726 2.0108549881282474
0.14828209765623235 2.011017551332722
0.1546033212072388 2.011159107882731
0.16092495546721408 2.0112796010821046
0.16724693297719567 2.0113789742346704
0.17356918627753504 2.0114571706442463
0.1798916479092696 2.0115141336146594
0.18621425041343698 2.011549806449736
0.19253692633038846 2.011564132453297
0.19885960820116164 2.011557054929169
0.205182228566794 2.011528517181174
0.2115047199676369 2.011478462513139
0.21782701494472795 2.011406834228888
0.22414904603910454 2.011313575632241
0.23047074579111812 2.011198630027029
0.23679204674203488 2.011061940717068
0.2431128814322063 2.0109034510061923
0.24943318240266987 2.0107231041982216
0.2557528821944629 2.010520843596973
0.2620719133479371 2.010296612506284
0.26839020840412986 2.0100503542299735
0.2747076999040785 2.009782012071855
0.28102431549918777 2.0094915447351402
0.2873399252806279 2.0091790855300995
0.2936545371001392 2.008844331563709
0.29996807830530325 2.008487238034194
0.3062804762446149 2.0081077601397292
0.31259165826565566 2.007705853078543
0.3189015517166922 2.007281472048823
0.32521008394599077 2.0068345722487537
0.3315171823011333 2.0063651088765675
0.33782277413038614 2.0058730371304505
0.34412678678201547 2.0053583122085836
0.3504291476036036 2.004820889309205
0.3567297839434167 2.0042607236304977
0.36302862314972073 2.0036777703706408
0.3693255925700983 2.0030719847278773
0.37562061955304304 2.0024433219003646
0.38191363144613794 2.0017917370863483
0.38820455559764877 2.0011171854840075
0.3944933193558413 2.0004196222915174
0.40077985006829875 1.9996990027071286
0.4070640750832868 1.9989552819290177
0.4133459217490709 1.9981884151553573
0.4196253174132347 1.9973983575844036
0.4259021894240439 1.9965850644143301
0.4321764651297634 1.9957484908433072
0.4384480718779775 1.9948885920695958
0.4447169370171783 1.994005323291335
0.45098298789495034 1.9930986397067894
0.4572461518595587 1.992168496514128
0.4635063562592679 1.991214848911517
0.46976352844166336 1.990237652097226
0.47601759575500974 1.9892368612694222
0.4822684855475713 1.9882124316262686
0.48851608977475747 1.987164586196616
0.4947603658047195 1.9860930249329662
0.5010012464846458 1.9849976498476438
0.5072386555118511 1.9838784346267933
0.5134725165843266 1.9827353529564398
0.5197027534000634 1.9815683785226057
0.5259292896563769 1.9803774850114404
0.5321520490514831 1.9791626461089227
0.5383709552826975 1.977923835501205
0.5445859320480113 1.976661026874309
0.5507969030454148 1.9753741939142524
0.5570037919722244 1.9740633103071932
0.5632065225264308 1.9727283497391501
0.5694050184060236 1.9713692858961387
0.5755992033083205 1.9699860924643215
0.5817890009313114 1.9685787431297153
0.5879743349729858 1.9671472115783324
0.5941551291306619 1.9656914714963414
0.6003313071025529 1.9642114965697015
0.6065027925859776 1.9627072604845852
0.6126695092789253 1.9611787369270037
0.6188313808793846 1.9596258995829656
0.6249883310846754 1.958048722138648
0.6311402835927867 1.9564471782800599
0.6372871621017064 1.9548212416932071
0.6434288903087556 1.9531708860642722
0.6495653919119226 1.9514960850792613
0.6556965906091947 1.9497968124241778
0.6618224100978944 1.948073041785209
0.6679427740762305 1.9463247468482954
0.674057606241526 1.9445519012996284
0.6801668302917683 1.9427544788252098
0.6862703676414769 1.940932687792276
0.6923681401318497 1.9390864047099026
0.6984600714362923 1.937215413766877
0.7045460837802635 1.9353197129281183
0.7106260993885617 1.933399300158752
0.716700040486646 1.9314541734236979
0.7227678292999744 1.9294843306878726
0.7288293880533468 1.927489769916407
0.7348846389724405 1.925470489074145
0.7409335042820561 1.9234264861262207
0.7469759062076514 1.92135775903755
0.7530117669746836 1.9192643057730445
0.7590410088079547 1.9171461242978445
0.7650635539329218 1.9150032125768623
0.7710793245750414 1.9128355685750076
0.7770882429591167 1.9106431902574255
0.7830902313106044 1.908426075589026
0.7890852118549601 1.906184222534716
0.7950731068169885 1.903917629059646
0.8010538384221456 1.901626293128723
0.807027328895886 1.8993102127068517
0.8129935004630164 1.8969693857591874
0.8189522753492071 1.8946038102505491
0.8249035757792658 1.8922134841460965
0.8308473239786469 1.889798405410732
0.8367834421728038 1.8873585720093555
0.8427118525865456 1.884893981907132
0.8486324774453262 1.8824046330689614
0.854545238974598 1.8798905234597407
0.860450059399172 1.8773516510446402
0.8663468609445009 1.8747880137885575
0.8722355658360363 1.8721996096563867
0.8781161015975527 1.8695865057604466
0.8839883942791569 1.8669487804802178
0.8898523517228103 1.8642862710191268
0.8957078970092106 1.8615989997978857
0.9015549532190541 1.8588869892372026
0.9073934434324028 1.8561502617580812
0.9132232907299533 1.8533888397812301
0.9190444181924011 1.850602745727356
0.9248567488998101 1.8477920020174665
0.9306602059328758 1.8449566310722687
0.9364547123722928 1.8420966553124658
0.9422401912981271 1.8392120971590713
0.9480165657912818 1.8363029790326837
0.9537837589318244 1.8333693233543205
0.959541693800449 1.8304111525446836
0.9652902934778481 1.8274284890244719
0.971029481044091 1.824421355214708
0.9767591795798709 1.8213897735360913
0.9824793121658792 1.8183337664093182
0.9881898018821876 1.8152533562554165
0.9938905718094878 1.812148565495083
0.9995815450284706 1.8090194165490112
1.0052626446192092 1.8058659318382344
1.0109337936625997 1.8026881337833311
1.016594915238717 1.799486044805339
1.0222459324282511 1.7962596873249495
1.027886800331417 1.7930092928896177
1.033517404379321 1.789734654068888
1.0391376677460988 1.7864357997969074
1.044747516221872 1.7831127756625191
1.0503468755961536 1.7797656272549276
1.0559356716590655 1.7763944001629774
1.061513830200728 1.7729991399755092
1.0670812770106566 1.769579892281733
1.0726379378789719 1.76613670267049
1.078183738595793 1.762669616730619
1.0837186049506378 1.7591786800513347
1.0892424627338255 1.7556639382213488
1.094755237734875 1.7521254368298795
1.1002568557439056 1.7485632214657643
1.1057472425510342 1.7449773377178373
1.1112263239457825 1.7413678311753216
1.116694025718268 1.7377347474270526
1.1221502736586069 1.7340781320618612
1.1275949935563232 1.7303980306689764
1.1330281112015332 1.7266944888372302
1.1384495523843519 1.7229675521554517
1.1438592428943055 1.7192172662128746
1.1492571085217045 1.7154436765981917
1.154643075056077 1.71164682890064
1.1600170682875375 1.7078267687090476
1.1653790451654171 1.7039836689400667
1.170728913720695 1.7001175111851037
1.1760665781816195 1.696228258684868
1.181391968880246 1.6923159796148686
1.1867050161480523 1.6883807421510388
1.192005650317095 1.684422614468889
1.1972938017194283 1.6804416647439249
1.2025694006865328 1.6764379611520852
1.2078323775506536 1.6724115718687314
1.2130826626432734 1.6683625650698053
1.2183201862964457 1.6642910089308123
1.2235448788422225 1.6601969716272549
1.2287566706120894 1.6560805213350795
1.2339554919380988 1.65194172622979
1.2391412731523015 1.6477806544868854
1.2443139445861853 1.6435973742823178
1.2494734365718014 1.6393919537915878
1.2546196794411992 1.6351644611901928
1.2597526035258695 1.6309149646540892
1.2648721391580469 1.6266435323586206
1.2699782166692244 1.6223502324797465
1.2750707663914507 1.6180351331929637
1.2801497186567725 1.6136983026737657
1.2852150037966859 1.6093398090981168
1.2902665521432375 1.6049597206415112
1.295304310157063 1.6005581494821273
1.3003282395504918 1.5961352543086933
1.3053382114685825 1.591690947401742
1.3103341625069542 1.5872253173298203
1.3153160292606838 1.5827384526619594
1.3202837483253904 1.5782304419667068
1.3252372562966916 1.5737013738126064
1.3301764897696675 1.5691513367686947
1.3351013853401135 1.5645804194033508
1.3400118796031122 1.5599887102856138
1.34490790915428 1.555376297984027
1.3497894105892319 1.5507432710671312
1.3546563205030528 1.54608971810397
1.3595085754913585 1.5414157276630842
1.3643461121497618 1.5367213883130126
1.369168867073351 1.5320067886228028
1.3739767768577402 1.5272720171609944
1.3787697780985406 1.5225171624961227
1.3835478073908438 1.5177423131972407
1.3883108013304342 1.5129475578327112
1.3930586965124054 1.5081329849715897
1.3977914295323683 1.5032986831824113
1.402508936985932 1.4984447410337087
1.4072111554681934 1.4935712470945413
1.4118980215747619 1.4886782899334425
1.4165694719012445 1.4837659581189426
1.4212255130595774 1.4788344681820687
1.4258660084660046 1.4738837831360128
1.4304908898443902 1.468913985705668
1.4351001015405151 1.463925181196917
1.4396935879008284 1.4589174749149227
1.4442712932711128 1.4538909721655715
1.44883316199765 1.4488457782542061
1.4533791384267198 1.4437819984861666
1.4579091669041087 1.438699738167343
1.4624231917760964 1.4335991026030763
1.4669211573889611 1.4284801970987047
1.4714030080884926 1.4233431269601222
1.475868688220969 1.4181879974926677
1.4803181421326668 1.4130149140016774
1.484751314169379 1.4078239817930494
1.489168148677542 1.4026153061719318
1.4935685900029516 1.397388992444225
1.497952582491883 1.392145145915265
1.5023200704906094 1.3868838718903844
1.50667099834493 1.3816052756754877
1.511005310401119 1.3763094625759087
1.515322951005447 1.3709965378969786
1.5196238645037172 1.3656666069446055
1.5239079952422014 1.3603197750241212
1.5281752875671692 1.354956147440855
1.5324257334544373 1.3495758808855505
1.5366592623129403 1.3441790699977696
1.540875774618475 1.338765776508954
1.5450752236158722 1.3333361176760155
1.5492575625505718 1.3278902107550805
1.5534227446674072 1.3224281730030636
1.5575707232116658 1.3169501216762876
1.5617014514286323 1.3114561740310733
1.5658148825631442 1.3059464473243385
1.5699109698604865 1.300421058812404
1.573989666565943 1.2948801257515898
1.578050925924354 1.289323765398816
1.5820947011810034 1.2837520950104027
1.5861209455811724 1.2781652318426673
1.5901296123697055 1.272563293152534
1.5941206547920288 1.2669463961961172
1.5980940260929892 1.2613146582303432
1.6020496795178674 1.2556681965115293
1.6059875683119413 1.25000712829599
1.609907645720062 1.244331570840655
1.6138098649875081 1.2386416414018395
1.6176941793595558 1.2329374572358571
1.6215605420810597 1.22721913559964
1.6254089063972965 1.2214867937495022
1.6292392255535404 1.2157405489417554
1.6330514681480162 1.2099805252799105
1.6368456483139484 1.2042068706209046
1.6406216285942143 1.1984196659145718
1.6443793718707356 1.1926190349205614
1.648118841025431 1.186805101398521
1.6518399989398145 1.1809779891087286
1.655542808495805 1.1751378218108328
1.6592272325753201 1.169284723264479
1.662893234059877 1.1634188172299487
1.6665407758313933 1.1575402274668884
1.6701698207717839 1.1516490777349428
1.6737803317625704 1.145745491794396
1.6773722716857977 1.139829593404679
1.6809456034229904 1.1339015063260771
1.6845002898560626 1.1279613543182352
1.6880362938669258 1.1220092611407952
1.6915535783371083 1.116045350554046
1.6950521061485222 1.1100697463176303
1.6985318401830773 1.104082572191189
1.7019927433223057 1.0980839519350138
1.7054347784481176 1.0920740093087455
1.7088579084424205 1.0860528680720247
1.712262096186751 1.0800206519851447
1.715647304563017 1.0739774848077455
1.719013496453124 1.0679234902994663
1.7223606347386127 1.0618587922206029
1.7256888241700916 1.0557834914510944
1.728997892362228 1.0496977400066625
1.7322877715193072 1.0436016695842854
1.7355584357979394 1.0374954045302407
1.7388098593543804 1.0313790691914688
1.742042016345241 1.0252527879142477
1.745254880927129 1.0191166850448534
1.7484484272563048 1.0129708849302286
1.7516226294893769 1.0068155119166502
1.7547774617829512 1.0006506903503933
1.757912898293292 0.9944765445784027
1.761028913177118 0.9882931989467303
1.7641254805906963 0.9821007778023216
1.7672025746906321 0.9758994054914522
1.770260169633528 0.9696892063603954
1.7732982395756551 0.9634703047560993
1.7763167586736164 0.9572428250248377
1.7793157010840124 0.9510068915128838
1.7822950409631184 0.9447626285671871
1.7852547524675353 0.9385101605340206
1.7881948097538616 0.9322496117596565
1.7911151869783766 0.925981106591046
1.7940158582977839 0.9197047693742344
1.7968967978683659 0.9134207244561743
1.7997579798467203 0.9071290961831372
1.8025993783894416 0.9008300089013938
1.8054209676528166 0.8945235869578982
1.8082227217934403 0.8882099546989215
1.811004614967906 0.8818892364707333
1.8137666213325039 0.8755615566202893
1.8165087150438275 0.8692270394938598
1.8192309921952459 0.8628857131878798
1.821933335083167 0.8565377835704616
1.8246156727808465 0.8501834145909313
1.8272779913184711 0.8438227239276154
1.8299202767265195 0.8374558292581511
1.832542515035467 0.8310828482601749
1.8351446922755053 0.8247038986120148
1.83772679447711 0.8183190979913072
1.8402888076707553 0.811928564075688
1.8428307178866363 0.8055324145434866
1.8453525111552271 0.7991307670723385
1.8478541735069993 0.7927237393398793
1.8503356909721524 0.7863114490244392
1.852797049581159 0.7798940138036535
1.8552382353644874 0.773471551355157
1.8576592343523426 0.7670441793572811
1.8600600325752803 0.760612015487428
1.8624406160635083 0.7541751774239297
1.8648009708474944 0.7477337828444209
1.8671410829577044 0.7412879494265352
1.86946093842435 0.734837794848606
1.8717605232778967 0.7283834367882671
1.8740398235488083 0.7219249929231517
1.8762988252673007 0.7154625809315943
1.8785375144638377 0.708996318491228
1.8807558771688804 0.702526323279686
1.8829538994126491 0.6960527129753031
1.885131567225684 0.6895756052554781
1.8872888666382088 0.6830951177985465
1.8894257836806834 0.676611368282141
1.891542304383565 0.670124474383894
1.8936385105319018 0.6636344189265674
1.8957143349280858 0.6571414022252119
1.8977697079777027 0.6506456244389435
1.8998046266234587 0.6441471905133582
1.9018190878082841 0.6376462053933474
1.9038130884751059 0.6311427740238017
1.9057866255666351 0.6246370013503177
1.9077396960258697 0.618128992317551
1.9096722967955242 0.6116188518710984
1.9115844248185243 0.6051066849558507
1.9134760770377939 0.5985925965166984
1.9153472503960514 0.5920766914992387
1.9171979418362206 0.5855590748483622
1.919028148301223 0.5790398515089592
1.9208378667337815 0.5725191264266274
1.922627094076818 0.565997004546257
1.9243958272732513 0.5594735908127384
1.9261440632658087 0.5529489901716694
1.9278717989974723 0.5464233075677042
1.9295790314109722 0.5398966479464409
1.9312657574492267 0.5333691162527697
1.932931974055151 0.5268408174315805
1.9345776781714799 0.5203118564284717
1.9362028667411295 0.5137823381883333
1.9378075367070124 0.5072523676560551
1.9393916850118684 0.5007220497772357
1.9409553085986109 0.494191489496765
1.9424984044101508 0.48766079175953286
1.9440209693892316 0.4811300615111378
1.945523000478765 0.4745994036964698
1.9470044946216596 0.4680689232604187
1.9484654785754945 0.46153866746824074
1.9499059454013479 0.45500875475558467
1.9513258712100612 0.4484793337615501
1.952725261072975 0.4419504955081495
1.9541041200614269 0.4354223310173954
1.9554624532466047 0.42889493131200884
1.9568002656998467 0.4223683874140022
1.958117562492488 0.4158427903453881
1.9594143486957214 0.4093182311288874
1.9606906293808826 0.40279480078651264
1.9619464096193047 0.3962725903402766
1.9631816944821847 0.3897516908128998
1.9643964890408998 0.3832321932261591
1.96559079836665 0.37671418860277484
1.966764627530768 0.37019776796475984
1.9679179816045824 0.3636830223341272
1.969050865659298 0.35717004273359676
1.9701632847662447 0.35065892018518163
1.9712552439967497 0.34414974571089496
1.9723267484220217 0.33764261033345633
1.9733778031133886 0.331137605074879
1.9744084131421753 0.32463482095717633
1.9754185835795948 0.3181343490030675
1.9764083406153286 0.3116362287221903
1.9773776884041996 0.3051405558506054
1.978326608432333 0.29864748102691296
1.9792551118864914 0.292157081751298
1.980163209953337 0.2856694355246499
1.9810509138196328 0.2791846198471537
1.9819182346721396 0.2727027122189948
1.9827651836975235 0.26622379014106196
1.9835917720825456 0.25974793111354044
1.984398011013964 0.25327521263661606
1.9851839116784498 0.24680571221117686
1.985949485262789 0.24033950733717463
1.9866947429536554 0.233876675515497
1.9874196959378068 0.2274172942463299
1.988124355401997 0.2209614410298596
1.9888087325329047 0.214509193366973
1.9894728385172848 0.20806062875785636
1.99011668454189 0.20161582470269643
1.9907402817934026 0.19517485870237927
1.9913436414585755 0.18873780825709155
1.9919267747241587 0.18230475086702042
1.9924896927768396 0.17587576403305114
1.9930324068033687 0.16945092525537073
1.9935549424950036 0.16303026892171496
1.9940573165801476 0.15661385823542381
1.994539517321759 0.15020184094196662
1.9950015610263967 0.1437942807249257
1.9954434640006729 0.13739124126718755
1.9958652425511962 0.13099278625163918
1.9962669129845307 0.12459897936186198
1.9966484916072857 0.11820988428074285
1.9970099947260684 0.11182556469116942
1.9973514386474467 0.10544608427672197
1.9976728396780281 0.09907150672028796
1.997974214124417 0.09270189570475554
1.9982555782931863 0.08633731491370389
1.99851694849095 0.07997782802979113
1.9987583410242835 0.0736234987365957
1.9989797721997906 0.06727439071700593
1.9991812583240725 0.060930567653910944
1.9993628157037087 0.05459209323088808
1.999524460645301 0.048259031130826274
1.9996662094554485 0.04193144503661517
1.9997880784407345 0.03560939863183096
1.9998900839077591 0.029292955599363096
1.999972242163119 0.022982179622101945
2.000034578675921 0.016677101564622737
2.000077119204509 0.010377753172389068
2.00009985911418 0.004084275266499694
2.000102818841603 -0.002203281851929386
2.000086018823447 -0.008484867881781322
2.00004947949638 -0.014760432521257742
1.999993221297072 -0.021029925469242018
1.999917264662187 -0.027293296424616614
1.9998216300283995 -0.03355049508558451
1.9997063378323758 -0.039801471151028396
1.9995714085107787 -0.04604617431983009
1.9994168625002866 -0.05228455429019388
1.999242720237557 -0.05851656076122712
1.9990490021592704 -0.064742143431135
1.9988357287020897 -0.07096125199879914
1.9986029203026747 -0.07717383616310014
1.9983505973977107 -0.08337984562224467
1.9980787804238578 -0.08957923007511354
1.9977874898177737 -0.09577193922058672
1.997476746016148 -0.10195792275687228
1.997146569455639 -0.10813713038285036
1.9967969805729022 -0.11430951179740012
1.9964279998046313 -0.12047501669873115
1.9960396527343853 -0.12663361700786743
1.9956319708368586 -0.132785308372562
1.9952049565994945 -0.13892996083834513
1.9947586336527574 -0.14506753646758375
1.9942930256271756 -0.1511979973217563
1.9938081561532288 -0.15732130546300732
1.9933040488613942 -0.1634374229534804
1.992780727382204 -0.1695463118546555
1.9922382153461362 -0.17564793422867642
1.991676536383666 -0.18174225213768588
1.991095714125329 -0.1878292276431655
1.9904957722016017 -0.19390882280725824
1.9898767342429566 -0.1999809996921061
1.9892386238799344 -0.20604572035919216
1.9885814647429847 -0.21210294687087766
1.987905280462651 -0.21815264128864686
1.987210094669405 -0.22419476567464142
1.9864959309937165 -0.23022928209100182
1.985762813066133 -0.2362561525992141
1.9850107645171247 -0.242275339261419
1.984239808977159 -0.24828680413975635
1.9834499700767874 -0.2542905092957136
1.982641271446478 -0.2602864167914309
1.9818137391024355 -0.2662745012568414
1.9809674073840757 -0.2722547796221106
1.9801022856047072 -0.2782271363290589
1.9792183997425883 -0.28419154435820076
1.9783157757758834 -0.29014797669069897
1.977394439682754 -0.296096406307715
1.9764544174414627 -0.3020368061897651
1.9754957350301714 -0.307969149318011
1.9745184184270401 -0.3138934086736135
1.9735224936103348 -0.3198095572370905
1.972507986558216 -0.3257175679896029
1.9714749232488415 -0.33161741391231053
1.9704233296604814 -0.3375090679857331
1.969353231771255 -0.34339250319124337
1.968264655559435 -0.34926769250936224
1.9671576270031788 -0.35513460892124915
1.9660321720806404 -0.36099322540806245
1.9648883167700968 -0.36684351495032486
1.9637260870497033 -0.37268545052919483
1.9625455088976118 -0.37851900512582987
1.9613466082921034 -0.3843441517207545
1.9601294112113312 -0.39016086329512634
1.9588939436334456 -0.39596911283010183
1.9576402322505542 -0.40176887802295563
1.9563683120296984 -0.4075601898249935
1.95507819851311 -0.41334294997946414
1.9537699192961573 -0.41911714066518424
1.9524435019740203 -0.42488274406180637
1.9510989741420695 -0.4306397423481484
1.949736363395532 -0.43638811770365393
1.9483556973296323 -0.44212785230776536
1.946957003539745 -0.4478589283393024
1.945540309621095 -0.4535813279777077
1.9441056431689048 -0.45929503340242284
1.942653031778553 -0.4650000267922692
1.9411825030452627 -0.4706962903266887
1.9396940845642543 -0.47638380618512177
1.9381878039309102 -0.48206255654639185
1.936663688740396 -0.4877325235901448
1.935121766588097 -0.49339368949520523
1.933562065069233 -0.4990460364410134
1.931984611779021 -0.5046895466070083
1.9303894343128498 -0.5103242021720164
1.928776560265938 -0.515949985315477
1.9271460172335 -0.5215668782168279
1.9254978328109293 -0.527174863054898
1.9238320345934414 -0.5327739220091254
1.9221486602491138 -0.538364128684263
1.9204477261133224 -0.5439453591641121
1.9187292607296969 -0.5495176023087033
1.9169932927997042 -0.5550808484261577
1.9152398510246265 -0.5606350878252018
1.9134689641057416 -0.5661803108145607
1.9116806607445216 -0.5717165077023577
1.9098749696422455 -0.5772436687973183
1.90805191950019 -0.5827617844081664
1.9062115390198304 -0.5882708448430275
1.904353856902444 -0.5937708404106261
1.9024789018493062 -0.599261761419685
1.9005867025618954 -0.6047435981783319
1.898677287741418 -0.6102163409954877
1.896750686089355 -0.6156799801792813
1.894806926306981 -0.6211345060384352
1.8928460370955682 -0.6265799088816711
1.890868047156601 -0.6320161790171196
1.8888729851913522 -0.6374433067535024
1.886860879901092 -0.6428612823995399
1.8848317599873088 -0.6482700962633647
1.8827856541512735 -0.6536697386536978
1.880722591094254 -0.6590601998792585
1.8786425995177432 -0.6644414702481813
1.8765457081230092 -0.6698135400691863
1.874431945611319 -0.6751763996509915
1.8723013406841684 -0.680530039301734
1.8701539220427466 -0.6858744493303253
1.8679897221499546 -0.6912096764361937
1.86580876648906 -0.6965356545697656
1.8636110839462996 -0.7018523739840644
1.8613967037945631 -0.7071598310354222
1.8591656553065008 -0.7124580220807483
1.8569179677547616 -0.7177469434769506
1.854653670412238 -0.7230265915803634
1.8523727925515792 -0.7282969627478951
1.8500753634454317 -0.7335580533364526
1.8477614123666921 -0.7388098597023722
1.8454309685879227 -0.7440523782027506
1.8430840613820225 -0.7492856051939254
1.8407207200216376 -0.7545095370328033
1.8383409737794114 -0.7597241700762897
1.8359448519282466 -0.7649295006807239
1.833532383740787 -0.7701255252030118
1.831103598489675 -0.7753122400000576
1.8286585254478163 -0.7804896414282029
1.8261971938878532 -0.7856577258443523
1.8237196330824261 -0.7908164896054093
1.821225872304444 -0.7959659290677172
1.818715940826457 -0.8011060405883657
1.8161898679213768 -0.8062368205236995
1.8136476828618426 -0.8113582652306217
1.811089414920492 -0.8164703710660339
1.8085150933702399 -0.8215731343862833
1.8059247474837241 -0.8266665515482714
1.8033184065335806 -0.8317506189088991
1.800696100025347 -0.8368253754445637
1.7980578573950312 -0.8418907787818912
1.795403708050832 -0.8469468195978922
1.792733681425175 -0.851993497821423
1.7900478069501011 -0.857030813382071
1.787346114058038 -0.862058766208694
1.7846286321811224 -0.8670773562306968
1.781895390751489 -0.8720865833774825
1.7791464192015691 -0.8770864475779108
1.776381746963498 -0.8820769487613856
1.7736014034694083 -0.8870580868573091
1.7708054181517348 -0.892029861794543
1.7679938204426109 -0.8969922735024902
1.7651666397741679 -0.9019453219105517
1.762323905578844 -0.9068890069475914
1.7594656472887706 -0.9118233285430112
1.7565918943360774 -0.9167482866262109
1.7537026761532062 -0.9216638811260567
1.750798022172181 -0.9265701119721264
1.747877961825446 -0.9314669790932872
1.7449425245451304 -0.9363544824189393
1.7419917397633602 -0.9412326218784809
1.7390256369125832 -0.9461013974007815
1.7360442454249259 -0.9509608089152399
1.733047594732514 -0.9558108563512537
1.7300357142677976 -0.9606515396376942
1.7270086334629022 -0.9654828587039594
1.7239663817499513 -0.9703048134794455
1.7209089885613988 -0.9751174038930261
1.717836483329257 -0.9799206298742716
1.7147488954859818 -0.9847144913520568
1.7116462544636961 -0.9894989882557778
1.7085285896945206 -0.9942741205148293
1.7053959306109143 -0.9990398880580883
1.7022483066449987 -1.0037962908149498
1.6990857480244266 -1.008543289778284
1.695908283809159 -1.0132809134292122
1.6927159429404235 -1.0180091869354853
1.6895087548284407 -1.0227281100295782
1.6862867488837807 -1.0274376824434532
1.6830499545165474 -1.0321379039097558
1.6797984011373124 -1.0368287741604494
1.6765321181562967 -1.041510292928009
1.6732511349837182 -1.0461824599449068
1.6699554810301522 -1.0508452749431092
1.6666451857058178 -1.0554987376550895
1.6633202784209313 -1.06014284781332
1.6599807885860711 -1.0647776051497682
1.6566267456114543 -1.0694030093969067
1.6532581789072966 -1.0740190602872062
1.649875117884179 -1.0786257575526372
1.6464775919521943 -1.0832231009258368
1.6430656305219253 -1.0878110901387767
1.6396392630035874 -1.0923897249239274
1.6361985188073926 -1.0969590050137583
1.6327434273439279 -1.1015189301402426
1.6292740180234062 -1.10606950003585
1.6257903202560386 -1.1106107144330486
1.622292363452415 -1.1151425730638143
1.6187801770227463 -1.1196650756606155
1.615253790377243 -1.124178221955919
1.611713232926497 -1.1286820116817031
1.6081585340807187 -1.133176444570435
1.604589723250116 -1.1376615203545808
1.6010068298452849 -1.1421372387661202
1.597409883276303 -1.146603599537681
1.5937989129537686 -1.1510606024012444
1.590173948287889 -1.1555082470892761
1.5865350186888696 -1.1599465333342407
1.5828821535673112 -1.164375460868121
1.57921538233342 -1.168795029423382
1.5755347343974 -1.1732052387324872
1.5718402391698547 -1.1776060885274213
1.5681319260609887 -1.1819975785406487
1.5644098244810047 -1.1863797085046315
1.5606739638405094 -1.1907524781513568
1.55692437354957 -1.195115887213445
1.5531610830187947 -1.1994699354228848
1.5493841216583863 -1.203814622512138
1.5455935188785443 -1.2081499482136655
1.541789322225587 -1.2124757517836622
1.5379715461740626 -1.2167921626767926
1.5341402130663877 -1.2210992408899535
1.530295352680869 -1.2253969808225624
1.5264369947953969 -1.229685376874505
1.5225651691878612 -1.2339644234456653
1.518679905636571 -1.2382341149354632
1.5147812339192748 -1.242494445743937
1.5108691838142838 -1.2467454102705082
1.5069437850994871 -1.2509870029150603
1.5030050675527713 -1.2552192180774757
1.4990530609524504 -1.259442050157178
1.4950877950764119 -1.2636554935540494
1.4911092997025408 -1.2678595426679717
1.4871176046091548 -1.27205419189837
1.483112739574139 -1.2762394356451263
1.4790947343753778 -1.280415268308121
1.4750636187911912 -1.2845816842867808
1.4710194225993165 -1.2887386779811374
1.4669621755780764 -1.292886243790619
1.4628919075053537 -1.297024376115106
1.4588086481590303 -1.3011530693544766
1.4547124273174306 -1.3052723179081618
1.450603274758437 -1.3093821161760408
1.446481220259929 -1.3134824585579912
1.442346293600235 -1.3175733394534455
1.4381985245572346 -1.3216547532622818
1.4340379429088073 -1.3257266943843768
1.4298645784332833 -1.3297891572191654
1.4256784609085413 -1.3338421361665245
1.421479620112459 -1.3378856256263296
1.4172680858233697 -1.3419196199980177
1.4130438878189981 -1.34594411368161
1.4088070558776788 -1.349959101076545
1.404557619777289 -1.353964576582698
1.4002956092957035 -1.3579605345999424
1.3960210542112603 -1.361946969527719
1.3917339843018348 -1.365923875765902
1.3874344293453007 -1.369891247714364
1.3831224191199982 -1.3738490797725478
1.3787979834038016 -1.377797366340326
1.3744611519745833 -1.381736101817571
1.3701119546106864 -1.3856652806037266
1.3657504210898255 -1.3895848970988072
1.3613765811903458 -1.3934949457022583
1.3569904824892578 -1.3973953200712326
1.3525921377636148 -1.4012861032706851
1.3481815736053906 -1.4051673054537464
1.3437588208610494 -1.4090389133374295
1.3393239103770538 -1.4129009136387478
1.3348768730003475 -1.4167532930742945
1.3304177395773937 -1.420596038361083
1.3259465409546534 -1.4244291362161243
1.3214633079790732 -1.4282525733560145
1.3169680714969518 -1.4320663364979032
1.3124608623552376 -1.4358704123583876
1.3079417114003913 -1.4396647876544788
1.303410649478872 -1.4434494491031866
1.2988677074376302 -1.4472243834211105
1.294312916123126 -1.4509895773252603
1.2897463063818166 -1.4547450175326448
1.2851679090606556 -1.4584906907598656
1.2805777550061013 -1.4622265837239317
1.2759758750646097 -1.4659526831418506
1.2713623000831373 -1.469668975730226
1.2667370609079733 -1.4733754482061998
1.2621001883860754 -1.4770720872863767
1.2574517133638996 -1.4807588796877642
1.2527916666879004 -1.4844358121273682
1.2481200792050378 -1.4881028713217959
1.2434369817617665 -1.4917600439880532
1.2387424052045397 -1.4954073168431452
1.2340363803803203 -1.499044676603681
1.2293189381355616 -1.5026721099866656
1.2245901093167155 -1.5062896037091031
1.2198499247707473 -1.5098971444876046
1.2150984153441091 -1.5134947190391743
1.2103356323523367 -1.5170822312263772
1.2055615964103072 -1.5206597066632652
1.2007763228994908 -1.52422719286684
1.1959798444319933 -1.5277846681176601
1.1911721936194015 -1.5313321106966713
1.1863534030733007 -1.5348694988848177
1.1815235054057989 -1.53839681096266
1.1766825332284816 -1.541914025211143
1.1718305191529328 -1.5454211199112096
1.166967495791263 -1.548918073343423
1.1620934957550568 -1.5524048637887262
1.1572085516558968 -1.5558814695280618
1.1523126961058958 -1.5593478688419946
1.1474059617164598 -1.562804040011592
1.1424883810997026 -1.5662499613174201
1.1375599868672073 -1.5696856110404211
1.1326208116305543 -1.5731109674615351
1.1276708880018604 -1.5765260088613307
1.1227102485927072 -1.5799307135207483
1.1177389260146737 -1.5833250597207273
1.1127569528798797 -1.5867090257418388
1.1077643617999051 -1.5900825898650222
1.1027611853863282 -1.5934457303712153
1.0977474562512708 -1.5967984255409913
1.0927232070061295 -1.6001406536554093
1.0876884702630274 -1.603472392995044
1.082643278633543 -1.6067936218408334
1.0775876647292526 -1.610104318473713
1.0725216611622814 -1.6134044611742602
1.0674453005442066 -1.6166940282234112
1.0623586154866036 -1.6199729979021011
1.0572616386015998 -1.6232413484909092
1.0521544193079337 -1.6264990067447394
1.0470370032536747 -1.629745908923444
1.0419093855155694 -1.6329821463420977
1.0367716013820807 -1.6362076878159162
1.0316236861424133 -1.6394225021596482
1.0264656750852146 -1.642626558188393
1.021297603499131 -1.6458198247172473
1.0161195066733697 -1.6490022705609626
1.010931419896577 -1.6521738645346362
1.005733378457398 -1.6553345754533644
1.000525417645042 -1.6584843721319005
0.9953075727481545 -1.661623223385341
0.9900798790553793 -1.6647510980287807
0.984842371855928 -1.6678679648769756
0.9795950864384448 -1.6709737927450208
0.9743380580915728 -1.6740685504480104
0.9690713221045254 -1.6771522068007019
0.9637949137657549 -1.680224730618301
0.9585088683644762 -1.6832860907155667
0.9532132211893319 -1.6863362559075932
0.9479080075289633 -1.6893751950094713
0.9425932626725874 -1.6924028768359638
0.9372690219088455 -1.6954192702021627
0.9319353205263782 -1.6984243439231583
0.9265921938144042 -1.7014180668137153
0.9212396770615641 -1.7044004076889248
0.9158778055564971 -1.7073713353638755
0.9105066145884243 -1.710330818653335
0.9051261394457905 -1.7132788263724992
0.899736415417818 -1.7162153273361367
0.8943374777931458 -1.7191402903593365
0.8889293618604112 -1.7220536842571856
0.883512107530185 -1.7249554670593688
0.8780858054011798 -1.7278454768540281
0.8726504202638458 -1.7307238446840387
0.8672059910653557 -1.7335905295912695
0.8617525567522921 -1.736445490617902
0.8562901562712367 -1.7392886868061168
0.8508188285693639 -1.742120077197785
0.8453386125930571 -1.744939620835189
0.839849547289492 -1.7477472767602025
0.8343516716052499 -1.7505430040150043
0.8288450244869107 -1.753326761641773
0.8233296448816518 -1.7560985086823842
0.8178055717360538 -1.7588582041790162
0.8122728439966955 -1.7616058071738456
0.8011815805248159 -1.767064571825909
0.8067315006107564 -1.764341276708751
0.7956231226854519 -1.7697756515674954
0.790056166039846 -1.7724744749753911
0.7844807495343744 -1.7751610010918688
0.77889691211622 -1.7778351889588115
0.7733046927319605 -1.7804969976183938
0.7677041303281723 -1.7831463861127888
0.76209526385204 -1.7857833134838823
0.7564781322501403 -1.7884077387738475
0.7508527744690489 -1.7910196210248561
0.745219229455952 -1.7936189192787966
0.7395775361574255 -1.7962055925778408
0.7339277335200443 -1.7987795999641591
0.7282698604909962 -1.8013409004796428
0.7226039560168563 -1.8038894531664624
0.7169300590441986 -1.806425217066787
0.7112482085202128 -1.80894815122251
0.7055584433912669 -1.8114582146758917
0.6998608688577699 -1.813955251698305
0.6941554607810347 -1.816439326738424
0.6884422459093197 -1.8189104184819136
0.682721267815165 -1.8213684767989107
0.676992570070491 -1.8238134515598199
0.671256196247217 -1.8262452926350439
0.665512189917885 -1.8286639498947224
0.6597605946544146 -1.8310693732092584
0.6540014540287243 -1.8334615124490536
0.6482348116133576 -1.83584031748425
0.6424607109800244 -1.8382057381853347
0.6366791957012693 -1.840557724422452
0.6308903093490105 -1.842896226066003
0.625094095495165 -1.8452211929863864
0.6192905977122795 -1.8475325750537492
0.6134798595722709 -1.849830322138491
0.6076619246470559 -1.8521143841110097
0.6018368365091823 -1.8543847108414546
0.5960046387305666 -1.8566412522002242
0.5901653748831246 -1.8588839580577143
0.5843190885394054 -1.861112778284078
0.5784658232711133 -1.8633276627497914
0.5726056226507985 -1.8655285613250099
0.5667385302503765 -1.8677154238801286
0.5608645896417614 -1.8698882002855415
0.5549838443975053 -1.8720468404114061
0.5490963380895229 -1.8741912941281167
0.5432021142897274 -1.876321511306065
0.5373012165706725 -1.8784374418154124
0.5313936885042722 -1.8805390355265514
0.5254795736624389 -1.882626242309872
0.5195589156177278 -1.884699012035539
0.5136318117377815 -1.8867572334870197
0.5076982816358075 -1.8888008801570946
0.5017583279051204 -1.8908299463842801
0.4958119995941595 -1.8928443745829895
0.4898593457522238 -1.8948441071673425
0.48390041542796736 -1.896829086551679
0.47793525767004336 -1.898799255150336
0.47196392152775224 -1.9007545553774372
0.46598645604974737 -1.9026949296473203
0.46000291028468115 -1.9046203203743208
0.45401333328185545 -1.906530669972566
0.44801777408992294 -1.9084259208563912
0.4420162817575355 -1.910306015440131
0.43600890533399606 -1.9121708961379154
0.42999569386773917 -1.9140205053641453
0.4239766964080688 -1.9158547855329533
0.4179519620036365 -1.9176736790586726
0.4119215397030931 -1.9194771283556347
0.40588547855574375 -1.9212650758379748
0.3998438276102394 -1.923037463920025
0.3937966359152303 -1.9247942350161145
0.3877439525200228 -1.9265353315403824
0.3816858264732673 -1.9282606959071589
0.3756223068236134 -1.9299702705307717
0.3695534426203686 -1.9316639978253634
0.36347928291196296 -1.9333418202053223
0.3573998767477049 -1.9350036800847936
0.3513152731762437 -1.9366495198781044
0.3452255212462281 -1.9382792819995796
0.3391306700069674 -1.9398929088633672
0.3330307685071106 -1.9414903428837929
0.3269258657953057 -1.9430715264751797
0.32081604359081384 -1.944636385897112
0.31470138002073184 -1.9461848457988211
0.30858184951098994 -1.9477168825973983
0.30245750720064707 -1.9492324342574066
0.29632840822787654 -1.9507314387436296
0.290194607731738 -1.952213834020633
0.2840561608506261 -1.953679558053145
0.27791312272293495 -1.9551285488058918
0.27176554848772516 -1.9565607442434423
0.26561349328339084 -1.9579760823305234
0.2594570122483256 -1.9593745010318593
0.25329616052159104 -1.9607559383120228
0.2471309932415809 -1.9621203321357386
0.2409615655466882 -1.963467620467729
0.23478793257597555 -1.9647977412725706
0.22861014946783612 -1.9661106325149864
0.22242827136066257 -1.9674062321596968
0.21624235339351836 -1.968684478171282
0.2100524507045723 -1.9699453085145084
0.20385861843288844 -1.971188661153959
0.19766091171685923 -1.9724144740543532
0.19145938569487664 -1.9736226851804088
0.18525409550600555 -1.974813232496712
0.179045096288638 -1.975986053967981
0.17283244318116547 -1.9771410875589308
0.16661619132265368 -1.9782782712341522
0.16039639585149432 -1.979397542958361
0.15417311190607844 -1.9804988406962707
0.1479463946254726 -1.9815821024124758
0.14171629914784262 -1.982647266071728
0.13548288061225544 -1.9836942696386248
0.12924619415710206 -1.9847230510778788
0.1230063010489293 -1.9857335500806785
0.11676334322045782 -1.9867257258284858
0.1105172691546191 -1.9876994820701543
0.10426814031866591 -1.9886547566887574
0.09801601818052917 -1.989591487567264
0.0917609642074618 -1.9905096125887483
0.08550303986671628 -1.991409069636281
0.07924230662622417 -1.992289796592836
0.07297882595301144 -1.9931517313415155
0.0667126593150101 -1.9939948117652961
0.06044386817947246 -1.994818975747248
0.05417251401365057 -1.995624161170439
0.047898658285476944 -1.996410305917849
0.041622362462203674 -1.997177347872547
0.035343688011082466 -1.9979252249175978
0.029062696400046453 -1.9986538749359863
0.022779449096347423 -1.999363235810779
0.016494007567236818 -2.0000532454250384
0.01020643328064827 -2.0007238416617543
0.00391678770360579 -2.0013749624040136
-0.002374867695956767 -2.0020065455348073
-0.008668471450787973 -2.0026185289371994
-0.014963962093636707 -2.0032108504942485
-0.021261278156568697 -2.003783448088951
-0.02756035817233271 -2.0043362596043677
-0.03386114067367779 -2.004869222923556
-0.04016356419266928 -2.0053822759295157
-0.04646756726205625 -2.005875356505306
-0.052773088414587804 -2.0063484025339817
-0.05908006618232897 -2.006801351898548
-0.06538843909802897 -2.007234142482061
-0.07169814569443711 -2.007646712167573
-0.0780091245036181 -2.008038998838094
-0.08432123935991591 -2.008411039064358
-0.0906344968343304 -2.0087626717786127
-0.09694884920731915 -2.0090938133980663
-0.10326422895100201 -2.0094044073300843
-0.10958056853681365 -2.009694396982001
-0.1158978004368739 -2.009963725761183
-0.12221585712330275 -2.0102123370749947
-0.12853467106753466 -2.010440174330774
-0.13485417474168954 -2.0106471809358855
-0.14117430061788752 -2.010833300297691
-0.14749498116756282 -2.0109984758235333
-0.15381614886306416 -2.0111426509207795
-0.16013773617582572 -2.011265768996775
-0.1664596755779676 -2.0113677734588813
-0.1727818995416099 -2.0114486077144558
-0.1791043405381868 -2.0115082151708488
-0.1854269310398184 -2.011546539235419
-0.1917496035186248 -2.0115635233155227
-0.19807229044604013 -2.011559110818514
-0.2043949242941846 -2.0115332451517496
-0.21071743753517821 -2.011485869722583
-0.21703976264045519 -2.0114169279383725
-0.22336183208236426 -2.01132636320647
-0.22968357833233963 -2.0112141189342374
-0.23600493386250135 -2.0110801385290267
-0.24232583114496953 -2.0109243653981883
-0.24864620265117837 -2.0107467429490886
-0.254965980853248 -2.010547214589078
-0.2612850982232984 -2.010325723725504
-0.26760348723276395 -2.010082213765738
-0.2739210803537646 -2.0098166281171284
-0.28023781005842036 -2.0095289101870195
-0.2865535674052857 -2.0092191334698812
-0.2928683003091779 -2.0088871815836873
-0.2991819725913149 -2.0085328925545736
-0.3054945115463176 -2.008156221761811
-0.3118058444688066 -2.007757124584667
-0.3181158986527178 -2.0073355564024506
-0.3244246013926717 -2.006891472594431
-0.330731879983289 -2.0064248285398723
-0.33703766171850563 -2.0059355796180895
-0.3433418738929423 -2.0054236812083492
-0.3496444438012192 -2.0048890886899122
-0.35594529873727276 -2.0043317574421002
-0.36224436599572346 -2.003751642844175
-0.3685415728711914 -2.0031487002753967
-0.3748368466576133 -2.002522885115091
-0.3811301146498371 -2.0018741527424937
-0.3874213041417998 -2.0012024585369343
-0.39371034242812153 -2.0005077578776715
-0.39999715680342196 -1.9997900061439602
-0.4062816745616387 -1.9990491587151344
-0.4125638229973916 -1.9982851709704508
-0.41884352940530006 -1.9974979982891616
-0.4251207210793023 -1.9966875960506063
-0.4313953253140178 -1.9958539196340381
-0.4376672694040657 -1.9949969244187076
-0.44393648064338476 -1.9941165657839588
-0.4502028863268208 -1.9932127991090096
-0.456466413748313 -1.9922855797732073
-0.4627269902024803 -1.9913348631558012
-0.46898454298394143 -1.990360604636038
-0.47523899938663616 -1.9893627595932697
-0.4814902867051832 -1.988341283406743
-0.48773831876274326 -1.9872962367484424
-0.4939830079822012 -1.986227673267422
-0.5002243119065697 -1.9851352947467655
-0.5064621542028716 -1.984019075125479
-0.5126964585374527 -1.9828789883426898
-0.5189271485775615 -1.9817150083373631
-0.5251541479895444 -1.98052710904863
-0.531377380440424 -1.9793152644154959
-0.5375967695972225 -1.9780794483769626
-0.5438122391262872 -1.9768196348721667
-0.5500237126946403 -1.975535797840111
-0.5562311139693036 -1.9742279112197947
-0.5624343666166252 -1.9728959489503595
-0.5686333943036269 -1.9715398849708057
-0.57482812069733 -1.97015969322013
-0.5810184694640836 -1.968755347637479
-0.5872043642711327 -1.9673268221617988
-0.593385728784827 -1.9658740907322392
-0.5995624866721877 -1.9643971272877963
-0.6057345616002351 -1.9628959057674624
-0.6119018772353199 -1.9613704001103933
-0.6180643572444626 -1.959820584255582
-0.6242219252946835 -1.958246432142018
-0.6303745050523337 -1.956647917708863
-0.6365220201844338 -1.9550250148951067
-0.642664394358003 -1.9533776976397366
-0.6488015512393941 -1.9517059398819188
-0.6549334144956265 -1.950009715560641
-0.661059907793719 -1.9482889986148881
-0.6671809548000258 -1.9465437629838314
-0.6732964791817868 -1.9447739826063917
-0.679406404605357 -1.942979631421744
-0.6855106545889346 -1.9411607050875148
-0.6916091486921655 -1.939317541952357
-0.6977018113329572 -1.9374496656542455
-0.7037885647346133 -1.9355570744655248
-0.7098693311204365 -1.9336397666585368
-0.7159440327130698 -1.9316977405058309
-0.7220125917358163 -1.9297309942797494
-0.7280749304119779 -1.9277395262526307
-0.734130970964199 -1.9257233346970304
-0.7401806356160004 -1.9236824178852134
-0.7462238465900276 -1.9216167740897387
-0.7522605261095823 -1.919526401582944
-0.7582905963979654 -1.9174112986371632
-0.7643139796778234 -1.9152714635249608
-0.7703305981724577 -1.9131068945186716
-0.7763403741051683 -1.910917589890627
-0.7823432296986034 -1.9087035479133967
-0.7883390871760633 -1.9064647668593129
-0.7943278687608474 -1.9042012450007044
-0.8003094966756054 -1.9019129806101462
-0.8062838931438527 -1.8995999719598837
-0.8122509803882403 -1.8972622173224956
-0.8182106806320671 -1.8948997149703093
-0.8241629160986312 -1.8925124631756496
-0.830107609010585 -1.8901004602111
-0.8360446815912267 -1.887663704348986
-0.8419740560638536 -1.8852021938616288
-0.8478956546511194 -1.8827159270216178
-0.853809399576322 -1.8802049021012759
-0.8597152130627574 -1.8776691173729214
-0.8656130173330815 -1.875108571109149
-0.8715027346108037 -1.872523261582185
-0.8773842871185809 -1.869913187064627
-0.8832576105940575 -1.867278528614771
-0.889122612131612 -1.8646191290971927
-0.894979210742532 -1.8619349606134326
-0.9008273295337548 -1.8592260459182095
-0.906666891612217 -1.8564924077662392
-0.9124978200842218 -1.8537340689125341
-0.9183200380567058 -1.850951052111811
-0.9241334686366046 -1.8481433801187825
-0.9299380349302231 -1.8453110756884668
-0.9357336600444973 -1.8424541615755774
-0.9415202670863616 -1.8395726605348246
-0.947297779162123 -1.8366665953212318
-0.9530661193789247 -1.8337359886894038
-0.958825210843075 -1.8307808633943672
-0.964574976661508 -1.8278012421908314
-0.9703153399411569 -1.8247971478335023
-0.9760462237883316 -1.821768603077412
-0.9817675513099654 -1.8187156306772672
-0.9874792456129902 -1.815638253387771
-0.9931812298037183 -1.812536493963961
-0.9988734269890818 -1.809410375160541
-1.0045557602760116 -1.8062599197322116
-1.010228152770822 -1.8030851504340157
-1.0158905275806487 -1.7998860900205385
-1.0215428078118076 -1.796662761246826
-1.0271849328141895 -1.7934152906408138
-1.0328168235625665 -1.79014369731797
-1.038438382150012 -1.7868478782941613
-1.044049534419647 -1.7835278794946108
-1.049650206214591 -1.7801837468445394
-1.0552403233773562 -1.7768155262695302
-1.0608198117510623 -1.7734232636948049
-1.066388597178828 -1.7700070050455805
-1.0719466055031674 -1.766566796247446
-1.0774937625674001 -1.7631026832254943
-1.0830299942140418 -1.7596147119053176
-1.0885552262862104 -1.7561029282121328
-1.0940693846270222 -1.7525673780711528
-1.099572395078996 -1.7490081074079753
-1.1050641834852482 -1.7454251621478147
-1.1105446756888941 -1.7418185882158814
-1.1160137975324547 -1.738188431537778
-1.121471474859045 -1.7345347380387164
-1.1269176335117796 -1.7308575536439046
-1.1323521993331815 -1.7271569242789502
-1.1377750981665609 -1.7234328958689271
-1.1431862558544428 -1.7196855143394467
-1.1485855982399407 -1.715914825615716
-1.1539730511661663 -1.712120875622939
-1.1593485404756474 -1.708303710286732
-1.1647119968470163 -1.7044633949924137
-1.1700633869370767 -1.7006001447965273
-1.175402580506498 -1.6967137869605873
-1.1807295079662892 -1.6928043899753304
-1.186044099727458 -1.6888720223314915
-1.1913462862004354 -1.6849167525202313
-1.1966359977962289 -1.680938649032285
-1.201913164925845 -1.6769377803583843
-1.2071777179997172 -1.6729142149896952
-1.2124295874290416 -1.6688680214168035
-1.2176687036242542 -1.6647992681308783
-1.2228949969963603 -1.660708023622651
-1.2281083979563638 -1.656594356382849
-1.233308836914703 -1.6524583349026465
-1.238496244282382 -1.6483000276727717
-1.2436705504704033 -1.6441195031839502
-1.248831685889208 -1.639916829927361
-1.2539795809497989 -1.63569207639373
-1.2591141660631768 -1.6314453110737799
-1.264235371639786 -1.6271766024586949
-1.2693431280908123 -1.6228860190390426
-1.2744373658267016 -1.6185736293060105
-1.2795180152584542 -1.6142395017503206
-1.2845850067970688 -1.6098837048626913
-1.2896382708529943 -1.605506307134315
-1.2946777378372294 -1.6011073770559108
-1.2997033886221836 -1.5966871213859664
-1.3047151097982523 -1.5922454967712458
-1.3097128166291807 -1.587782534335656
-1.3146964458128378 -1.5832983229192004
-1.3196659340465522 -1.5787929513623697
-1.3246212180283716 -1.5742665085050036
-1.3295622344556266 -1.569719083187596
-1.3344889200261856 -1.5651507642501494
-1.3394012114379148 -1.5605616405326634
-1.3442990453881476 -1.5559518008756361
-1.3491823585747509 -1.551321334119068
-1.3540510876955891 -1.5466703291029562
-1.3589051694479992 -1.5419988746678033
-1.363744540529846 -1.5373070596536078
-1.3685691376389928 -1.5325949729003645
-1.3733788974727792 -1.5278627032485805
-1.3781737567292422 -1.5231103395380794
-1.3829536521057235 -1.5183379706093711
-1.387718520300086 -1.5135456853024503
-1.3924682980101895 -1.508733572457308
-1.3972029219333797 -1.5039017209144592
-1.4019223287675173 -1.4990502195138955
-1.406626455210461 -1.4941791570956067
-1.4113152379595593 -1.489288622500111
-1.4159886137126716 -1.4843787045673988
-1.420646551113635 -1.4794495494626907
-1.4252889967515308 -1.4745012689547017
-1.429915833635054 -1.4695338600762577
-1.4345270062317181 -1.464547428341506
-1.4391224590085367 -1.4595420792651348
-1.4437021364331892 -1.4545179183611094
-1.4482659829726916 -1.4494750511441212
-1.4528139430945566 -1.4444135831283158
-1.4573459612662947 -1.4393336198278373
-1.4618619819549257 -1.4342352667573803
-1.4663619496279603 -1.4291186294310894
-1.4708458087529077 -1.4239838133631058
-1.4753135037967908 -1.4188309240681285
-1.4797649792271186 -1.4136600670603001
-1.4842001795113986 -1.4084713478537598
-1.488619049116657 -1.4032648719632106
-1.4930215325105607 -1.3980407449026033
-1.4974075741601376 -1.392799072186644
-1.501777118532895 -1.3875399593294708
-1.506130110096337 -1.382263511845221
-1.5104664933174952 -1.3769698352486028
-1.514786212663875 -1.3716590350537543
-1.5190892126029782 -1.3663312167748096
-1.5233754376018414 -1.3609864859264817
-1.5276448321279668 -1.3556249480229057
-1.5318973421151532 -1.3502467101242166
-1.536132998248414 -1.3448519717676592
-1.5403516417633107 -1.3394407343160184
-1.5445532260393064 -1.334013115159532
-1.5487377044563224 -1.3285692316878517
-1.552905030394277 -1.3231092012906267
-1.5570551572326377 -1.317633141358099
-1.5611880383513235 -1.3121411692799185
-1.5653036271302512 -1.3066334024457322
-1.5694018769488915 -1.301109958245786
-1.5734827411871621 -1.2955709540697273
-1.5775461732249776 -1.2900165073072025
-1.5815921264418127 -1.2844467353484599
-1.5856205542177282 -1.2788617555829438
-1.5896314099322009 -1.2732616854009051
-1.5936246469651454 -1.267646642191989
-1.5976002186964735 -1.2620167433458385
-1.6015580785056658 -1.2563721062527078
-1.6054981797726346 -1.2507128483022407
-1.60942047587729 -1.2450390868840786
-1.6133249201991167 -1.2393509393884787
-1.617211466118025 -1.2336485232050831
-1.6210800670139227 -1.2279319557235318
-1.6249306762662985 -1.222201354334085
-1.6287632472550608 -1.2164568364263837
-1.6325777333601157 -1.2106985193900657
-1.6363741525009343 -1.2049265498024622
-1.6401524120214146 -1.1991410300534227
-1.6439124372642273 -1.1933420678795181
-1.64765419125303 -1.1875297870928754
-1.651377637011477 -1.1817043115056198
-1.6550827375628192 -1.1758657649305087
-1.6587694559307118 -1.1700142711796673
-1.662437755138807 -1.1641499540652194
-1.6660875982103598 -1.158272937399925
-1.669718948169023 -1.1523833449959082
-1.6733317680384479 -1.1464813006652912
-1.6769260208418926 -1.140566928220837
-1.6805016696031372 -1.1346403514744539
-1.6840586773454436 -1.128701694238906
-1.6875970070924613 -1.1227510803263157
-1.6911166218678375 -1.1167886335488026
-1.6946174846948379 -1.1108144777191342
-1.69809955859711 -1.104828736649431
-1.7015628065982988 -1.0988315341518116
-1.7050071917216743 -1.0928229940390461
-1.708432676990882 -1.0868032401232535
-1.711839225429565 -1.0807723962165514
-1.7152268000609967 -1.0747305861317122
-1.7185953639089426 -1.0686779336806345
-1.7219448799966792 -1.0626145626760923
-1.7252753686547853 -1.056540586787981
-1.7285868430770976 -1.0504561249252091
-1.7318791291387245 -1.0443613292171912
-1.7351522011456648 -1.03825632397193
-1.7384060334039138 -1.0321412334974274
-1.7416406002191145 -1.026016182102349
-1.7448558758972637 -1.0198812940946966
-1.7480518347443543 -1.013736693782471
-1.751228451066034 -1.0075825054743397
-1.754385699168411 -1.0014188534780808
-1.757523553357135 -0.9952458621023629
-1.760641987938199 -0.9890636556551865
-1.7637409772175927 -0.9828723584445505
-1.766820495500971 -0.9766720947791258
-1.7698805170943241 -0.9704629889669116
-1.7729210163036402 -0.9642451653159063
-1.7759419674345778 -0.9580187481347824
-1.778943344793125 -0.9517838617315383
-1.7819251226852686 -0.9455406304141711
-1.7848872754166705 -0.9392891784913556
-1.7878297772933176 -0.9330296302710891
-1.7907526026211933 -0.9267621100613678
-1.7936557257059649 -0.9204867421708682
-1.7965391208537205 -0.9142036509073594
-1.79940276237013 -0.907912960579519
-1.8022466245611763 -0.901614795495343
-1.8050706817328395 -0.895309279962826
-1.8078749081907939 -0.8889965382906476
-1.81065927824102 -0.8826766947868027
-1.813423766189496 -0.8763498737592854
-1.8161683463419003 -0.8700161995167764
-1.8188929937039715 -0.86367579604287
-1.8215976962051035 -0.857328783345614
-1.8242824374652815 -0.850975283068864
-1.8269471982889283 -0.8446154168623403
-1.8295919594800787 -0.8382493063766827
-1.8322167018430575 -0.8318770732618413
-1.8348214061821864 -0.825498839167765
-1.8374060533015046 -0.8191147257450953
