-1.995000000000000107e+00 -1.049999999999999822e-01
-1.995000000000000107e+00 -9.100000000000019185e-02
-1.995000000000000107e+00 -7.699999999999995737e-02
-1.995000000000000107e+00 -6.300000000000016698e-02
-1.995000000000000107e+00 -4.899999999999993250e-02
-1.995000000000000107e+00 -3.500000000000014211e-02
-1.995000000000000107e+00 -2.099999999999990763e-02
-1.995000000000000107e+00 -7.000000000000117240e-03
-1.981000000000000094e+00 -1.470000000000000195e-01
-1.981000000000000094e+00 -1.330000000000000071e-01
-1.981000000000000094e+00 -1.189999999999999947e-01
-1.981000000000000094e+00 -1.049999999999999822e-01
-1.967000000000000082e+00 -1.890000000000000568e-01
-1.967000000000000082e+00 -1.750000000000000444e-01
-1.967000000000000082e+00 -1.610000000000000320e-01
-1.967000000000000082e+00 -1.470000000000000195e-01
-1.953000000000000069e+00 -2.170000000000000817e-01
-1.953000000000000069e+00 -2.030000000000000693e-01
-1.953000000000000069e+00 -1.890000000000000568e-01
-1.939000000000000057e+00 -2.450000000000001066e-01
-1.939000000000000057e+00 -2.310000000000000941e-01
-1.939000000000000057e+00 -2.170000000000000817e-01
-1.925000000000000044e+00 -2.730000000000001315e-01
-1.925000000000000044e+00 -2.590000000000001190e-01
-1.925000000000000044e+00 -2.450000000000001066e-01
-1.911000000000000032e+00 -2.870000000000001439e-01
-1.911000000000000032e+00 -2.730000000000001315e-01
-1.897000000000000020e+00 -3.149999999999999467e-01
-1.897000000000000020e+00 -3.010000000000001563e-01
-1.897000000000000020e+00 -2.870000000000001439e-01
-1.883000000000000007e+00 -3.289999999999999591e-01
-1.883000000000000007e+00 -3.149999999999999467e-01
-1.868999999999999995e+00 -3.429999999999999716e-01
-1.868999999999999995e+00 -3.289999999999999591e-01
-1.854999999999999982e+00 -3.569999999999999840e-01
-1.854999999999999982e+00 -3.429999999999999716e-01
-1.841000000000000192e+00 -3.709999999999999964e-01
-1.841000000000000192e+00 -3.569999999999999840e-01
-1.826999999999999957e+00 -3.850000000000000089e-01
-1.826999999999999957e+00 -3.709999999999999964e-01
-1.813000000000000167e+00 -3.990000000000000213e-01
-1.813000000000000167e+00 -3.850000000000000089e-01
-1.799000000000000155e+00 -4.130000000000000338e-01
-1.799000000000000155e+00 -3.990000000000000213e-01
-1.785000000000000142e+00 -4.270000000000000462e-01
-1.785000000000000142e+00 -4.130000000000000338e-01
-1.771000000000000130e+00 -4.270000000000000462e-01
-1.771000000000000130e+00 -4.130000000000000338e-01
-1.757000000000000117e+00 -4.410000000000000586e-01
-1.757000000000000117e+00 -4.270000000000000462e-01
-1.743000000000000105e+00 -4.550000000000000711e-01
-1.743000000000000105e+00 -4.410000000000000586e-01
-1.729000000000000092e+00 -4.550000000000000711e-01
-1.729000000000000092e+00 -4.410000000000000586e-01
-1.715000000000000080e+00 -4.690000000000000835e-01
-1.715000000000000080e+00 -4.550000000000000711e-01
-1.701000000000000068e+00 -4.830000000000000959e-01
-1.701000000000000068e+00 -4.690000000000000835e-01
-1.687000000000000055e+00 -4.830000000000000959e-01
-1.687000000000000055e+00 -4.690000000000000835e-01
-1.673000000000000043e+00 -4.970000000000001084e-01
-1.673000000000000043e+00 -4.830000000000000959e-01
-1.659000000000000030e+00 -4.970000000000001084e-01
-1.659000000000000030e+00 -4.830000000000000959e-01
-1.645000000000000018e+00 -5.110000000000001208e-01
-1.645000000000000018e+00 -4.970000000000001084e-01
-1.631000000000000005e+00 -5.110000000000001208e-01
-1.631000000000000005e+00 -4.970000000000001084e-01
-1.616999999999999993e+00 -5.250000000000001332e-01
-1.616999999999999993e+00 -5.110000000000001208e-01
-1.603000000000000203e+00 -5.250000000000001332e-01
-1.603000000000000203e+00 -5.110000000000001208e-01
-1.588999999999999968e+00 -5.390000000000001457e-01
-1.588999999999999968e+00 -5.250000000000001332e-01
-1.575000000000000178e+00 -5.390000000000001457e-01
-1.575000000000000178e+00 -5.250000000000001332e-01
-1.560999999999999943e+00 -5.390000000000001457e-01
-1.560999999999999943e+00 -5.250000000000001332e-01
-1.547000000000000153e+00 -5.530000000000001581e-01
-1.547000000000000153e+00 -5.390000000000001457e-01
-1.532999999999999918e+00 -5.530000000000001581e-01
-1.532999999999999918e+00 -5.390000000000001457e-01
-1.519000000000000128e+00 -5.530000000000001581e-01
-1.519000000000000128e+00 -5.390000000000001457e-01
-1.505000000000000115e+00 -5.530000000000001581e-01
-1.505000000000000115e+00 -5.390000000000001457e-01
-1.491000000000000103e+00 -5.669999999999999485e-01
-1.491000000000000103e+00 -5.530000000000001581e-01
-1.477000000000000091e+00 -5.669999999999999485e-01
-1.477000000000000091e+00 -5.530000000000001581e-01
-1.463000000000000078e+00 -5.669999999999999485e-01
-1.463000000000000078e+00 -5.530000000000001581e-01
-1.449000000000000066e+00 -5.669999999999999485e-01
-1.449000000000000066e+00 -5.530000000000001581e-01
-1.435000000000000053e+00 -5.669999999999999485e-01
-1.435000000000000053e+00 -5.530000000000001581e-01
-1.421000000000000041e+00 -5.809999999999999609e-01
-1.421000000000000041e+00 -5.669999999999999485e-01
-1.407000000000000028e+00 -5.809999999999999609e-01
-1.407000000000000028e+00 -5.669999999999999485e-01
-1.393000000000000238e+00 -5.809999999999999609e-01
-1.393000000000000238e+00 -5.669999999999999485e-01
-1.379000000000000004e+00 -5.809999999999999609e-01
-1.379000000000000004e+00 -5.669999999999999485e-01
-1.365000000000000213e+00 -5.809999999999999609e-01
-1.365000000000000213e+00 -5.669999999999999485e-01
-1.350999999999999979e+00 -5.809999999999999609e-01
-1.350999999999999979e+00 -5.669999999999999485e-01
-1.337000000000000188e+00 -5.809999999999999609e-01
-1.337000000000000188e+00 -5.669999999999999485e-01
-1.322999999999999954e+00 -5.809999999999999609e-01
-1.322999999999999954e+00 -5.669999999999999485e-01
-1.309000000000000163e+00 -5.809999999999999609e-01
-1.309000000000000163e+00 -5.669999999999999485e-01
-1.294999999999999929e+00 -5.809999999999999609e-01
-1.294999999999999929e+00 -5.669999999999999485e-01
-1.281000000000000139e+00 -5.809999999999999609e-01
-1.281000000000000139e+00 -5.669999999999999485e-01
-1.267000000000000126e+00 -5.809999999999999609e-01
-1.267000000000000126e+00 -5.669999999999999485e-01
-1.253000000000000114e+00 -5.809999999999999609e-01
-1.253000000000000114e+00 -5.669999999999999485e-01
-1.239000000000000101e+00 -5.809999999999999609e-01
-1.239000000000000101e+00 -5.669999999999999485e-01
-1.225000000000000089e+00 -5.809999999999999609e-01
-1.225000000000000089e+00 -5.669999999999999485e-01
-1.211000000000000076e+00 -5.809999999999999609e-01
-1.211000000000000076e+00 -5.669999999999999485e-01
-1.197000000000000064e+00 -5.809999999999999609e-01
-1.197000000000000064e+00 -5.669999999999999485e-01
-1.183000000000000052e+00 -5.809999999999999609e-01
-1.183000000000000052e+00 -5.669999999999999485e-01
-1.169000000000000039e+00 -5.809999999999999609e-01
-1.169000000000000039e+00 -5.669999999999999485e-01
-1.155000000000000027e+00 -5.809999999999999609e-01
-1.155000000000000027e+00 -5.669999999999999485e-01
-1.155000000000000027e+00 -5.530000000000001581e-01
-1.141000000000000014e+00 -5.669999999999999485e-01
-1.141000000000000014e+00 -5.530000000000001581e-01
-1.127000000000000224e+00 -5.669999999999999485e-01
-1.127000000000000224e+00 -5.530000000000001581e-01
-1.112999999999999989e+00 -5.669999999999999485e-01
-1.112999999999999989e+00 -5.530000000000001581e-01
-1.098999999999999977e+00 -5.669999999999999485e-01
-1.098999999999999977e+00 -5.530000000000001581e-01
-1.084999999999999964e+00 -5.669999999999999485e-01
-1.084999999999999964e+00 -5.530000000000001581e-01
-1.071000000000000174e+00 -5.669999999999999485e-01
-1.071000000000000174e+00 -5.530000000000001581e-01
-1.071000000000000174e+00 -5.390000000000001457e-01
-1.057000000000000162e+00 -5.530000000000001581e-01
-1.057000000000000162e+00 -5.390000000000001457e-01
-1.043000000000000149e+00 -5.530000000000001581e-01
-1.043000000000000149e+00 -5.390000000000001457e-01
-1.029000000000000137e+00 -5.530000000000001581e-01
-1.029000000000000137e+00 -5.390000000000001457e-01
-1.015000000000000124e+00 -5.530000000000001581e-01
-1.015000000000000124e+00 -5.390000000000001457e-01
-1.001000000000000112e+00 -5.530000000000001581e-01
-1.001000000000000112e+00 -5.390000000000001457e-01
-1.001000000000000112e+00 -5.250000000000001332e-01
-9.870000000000000995e-01 -5.390000000000001457e-01
-9.870000000000000995e-01 -5.250000000000001332e-01
-9.730000000000000870e-01 -5.390000000000001457e-01
-9.730000000000000870e-01 -5.250000000000001332e-01
-9.590000000000000746e-01 -5.390000000000001457e-01
-9.590000000000000746e-01 -5.250000000000001332e-01
-9.590000000000000746e-01 -5.110000000000001208e-01
-9.450000000000000622e-01 -5.250000000000001332e-01
-9.450000000000000622e-01 -5.110000000000001208e-01
-9.310000000000000497e-01 -5.250000000000001332e-01
-9.310000000000000497e-01 -5.110000000000001208e-01
-9.170000000000000373e-01 -5.250000000000001332e-01
-9.170000000000000373e-01 -5.110000000000001208e-01
-9.170000000000000373e-01 -4.970000000000001084e-01
-9.030000000000000249e-01 -5.110000000000001208e-01
-9.030000000000000249e-01 -4.970000000000001084e-01
-8.890000000000000124e-01 -5.110000000000001208e-01
-8.890000000000000124e-01 -4.970000000000001084e-01
-8.750000000000000000e-01 -5.110000000000001208e-01
-8.750000000000000000e-01 -4.970000000000001084e-01
-8.750000000000000000e-01 -4.830000000000000959e-01
-8.609999999999999876e-01 -4.970000000000001084e-01
-8.609999999999999876e-01 -4.830000000000000959e-01
-8.469999999999999751e-01 -4.970000000000001084e-01
-8.469999999999999751e-01 -4.830000000000000959e-01
-8.329999999999999627e-01 -4.970000000000001084e-01
-8.329999999999999627e-01 -4.830000000000000959e-01
-8.329999999999999627e-01 -4.690000000000000835e-01
-8.190000000000001723e-01 -4.830000000000000959e-01
-8.190000000000001723e-01 -4.690000000000000835e-01
-8.050000000000001599e-01 -4.830000000000000959e-01
-8.050000000000001599e-01 -4.690000000000000835e-01
-8.050000000000001599e-01 -4.550000000000000711e-01
-7.910000000000001474e-01 -4.690000000000000835e-01
-7.910000000000001474e-01 -4.550000000000000711e-01
-7.770000000000001350e-01 -4.690000000000000835e-01
-7.770000000000001350e-01 -4.550000000000000711e-01
-7.770000000000001350e-01 -4.410000000000000586e-01
-7.630000000000001226e-01 -4.550000000000000711e-01
-7.630000000000001226e-01 -4.410000000000000586e-01
-7.490000000000001101e-01 -4.550000000000000711e-01
-7.490000000000001101e-01 -4.410000000000000586e-01
-7.350000000000000977e-01 -4.550000000000000711e-01
-7.350000000000000977e-01 -4.410000000000000586e-01
-7.210000000000000853e-01 -4.550000000000000711e-01
-7.210000000000000853e-01 -4.410000000000000586e-01
-7.210000000000000853e-01 -4.270000000000000462e-01
-7.070000000000000728e-01 -4.410000000000000586e-01
-7.070000000000000728e-01 -4.270000000000000462e-01
-7.070000000000000728e-01 -4.130000000000000338e-01
-6.930000000000000604e-01 -4.270000000000000462e-01
-6.930000000000000604e-01 -4.130000000000000338e-01
-6.790000000000000480e-01 -4.270000000000000462e-01
-6.790000000000000480e-01 -4.130000000000000338e-01
-6.790000000000000480e-01 -3.990000000000000213e-01
-6.650000000000000355e-01 -4.130000000000000338e-01
-6.650000000000000355e-01 -3.990000000000000213e-01
-6.510000000000000231e-01 -4.130000000000000338e-01
-6.510000000000000231e-01 -3.990000000000000213e-01
-6.370000000000000107e-01 -4.130000000000000338e-01
-6.370000000000000107e-01 -3.990000000000000213e-01
-6.370000000000000107e-01 -3.850000000000000089e-01
-6.229999999999999982e-01 -3.990000000000000213e-01
-6.229999999999999982e-01 -3.850000000000000089e-01
-6.229999999999999982e-01 -3.709999999999999964e-01
-6.089999999999999858e-01 -3.850000000000000089e-01
-6.089999999999999858e-01 -3.709999999999999964e-01
-5.949999999999999734e-01 -3.850000000000000089e-01
-5.949999999999999734e-01 -3.709999999999999964e-01
-5.809999999999999609e-01 -3.850000000000000089e-01
-5.809999999999999609e-01 -3.709999999999999964e-01
-5.809999999999999609e-01 -3.569999999999999840e-01
-5.669999999999999485e-01 -3.709999999999999964e-01
-5.669999999999999485e-01 -3.569999999999999840e-01
-5.669999999999999485e-01 -3.429999999999999716e-01
-5.530000000000001581e-01 -3.569999999999999840e-01
-5.530000000000001581e-01 -3.429999999999999716e-01
-5.390000000000001457e-01 -3.569999999999999840e-01
-5.390000000000001457e-01 -3.429999999999999716e-01
-5.390000000000001457e-01 -3.289999999999999591e-01
-5.250000000000001332e-01 -3.429999999999999716e-01
-5.250000000000001332e-01 -3.289999999999999591e-01
-5.110000000000001208e-01 -3.429999999999999716e-01
-5.110000000000001208e-01 -3.289999999999999591e-01
-5.110000000000001208e-01 -3.149999999999999467e-01
-4.970000000000001084e-01 -3.289999999999999591e-01
-4.970000000000001084e-01 -3.149999999999999467e-01
-4.830000000000000959e-01 -3.289999999999999591e-01
-4.830000000000000959e-01 -3.149999999999999467e-01
-4.830000000000000959e-01 -3.010000000000001563e-01
-4.690000000000000835e-01 -3.149999999999999467e-01
-4.690000000000000835e-01 -3.010000000000001563e-01
-4.690000000000000835e-01 -2.870000000000001439e-01
-4.550000000000000711e-01 -3.010000000000001563e-01
-4.550000000000000711e-01 -2.870000000000001439e-01
-4.410000000000000586e-01 -3.010000000000001563e-01
-4.410000000000000586e-01 -2.870000000000001439e-01
-4.410000000000000586e-01 -2.730000000000001315e-01
-4.270000000000000462e-01 -2.870000000000001439e-01
-4.270000000000000462e-01 -2.730000000000001315e-01
-4.270000000000000462e-01 -2.590000000000001190e-01
-4.130000000000000338e-01 -2.730000000000001315e-01
-4.130000000000000338e-01 -2.590000000000001190e-01
-3.990000000000000213e-01 -2.730000000000001315e-01
-3.990000000000000213e-01 -2.590000000000001190e-01
-3.990000000000000213e-01 -2.450000000000001066e-01
-3.850000000000000089e-01 -2.590000000000001190e-01
-3.850000000000000089e-01 -2.450000000000001066e-01
-3.709999999999999964e-01 -2.590000000000001190e-01
-3.709999999999999964e-01 -2.450000000000001066e-01
-3.709999999999999964e-01 -2.310000000000000941e-01
-3.569999999999999840e-01 -2.450000000000001066e-01
-3.569999999999999840e-01 -2.310000000000000941e-01
-3.569999999999999840e-01 -2.170000000000000817e-01
-3.429999999999999716e-01 -2.310000000000000941e-01
-3.429999999999999716e-01 -2.170000000000000817e-01
-3.289999999999999591e-01 -2.310000000000000941e-01
-3.289999999999999591e-01 -2.170000000000000817e-01
-3.289999999999999591e-01 -2.030000000000000693e-01
-3.149999999999999467e-01 -2.170000000000000817e-01
-3.149999999999999467e-01 -2.030000000000000693e-01
-3.149999999999999467e-01 -1.890000000000000568e-01
-3.010000000000001563e-01 -2.030000000000000693e-01
-3.010000000000001563e-01 -1.890000000000000568e-01
-2.870000000000001439e-01 -2.030000000000000693e-01
-2.870000000000001439e-01 -1.890000000000000568e-01
-2.870000000000001439e-01 -1.750000000000000444e-01
-2.730000000000001315e-01 -1.890000000000000568e-01
-2.730000000000001315e-01 -1.750000000000000444e-01
-2.590000000000001190e-01 -1.890000000000000568e-01
-2.590000000000001190e-01 -1.750000000000000444e-01
-2.590000000000001190e-01 -1.610000000000000320e-01
-2.450000000000001066e-01 -1.750000000000000444e-01
-2.450000000000001066e-01 -1.610000000000000320e-01
-2.450000000000001066e-01 -1.470000000000000195e-01
-2.310000000000000941e-01 -1.610000000000000320e-01
-2.310000000000000941e-01 -1.470000000000000195e-01
-2.170000000000000817e-01 -1.610000000000000320e-01
-2.170000000000000817e-01 -1.470000000000000195e-01
-2.170000000000000817e-01 -1.330000000000000071e-01
-2.030000000000000693e-01 -1.470000000000000195e-01
-2.030000000000000693e-01 -1.330000000000000071e-01
-2.030000000000000693e-01 -1.189999999999999947e-01
-1.890000000000000568e-01 -1.330000000000000071e-01
-1.890000000000000568e-01 -1.189999999999999947e-01
-1.750000000000000444e-01 -1.330000000000000071e-01
-1.750000000000000444e-01 -1.189999999999999947e-01
-1.750000000000000444e-01 -1.049999999999999822e-01
-1.610000000000000320e-01 -1.189999999999999947e-01
-1.610000000000000320e-01 -1.049999999999999822e-01
-1.610000000000000320e-01 -9.100000000000019185e-02
-1.470000000000000195e-01 -1.049999999999999822e-01
-1.470000000000000195e-01 -9.100000000000019185e-02
-1.330000000000000071e-01 -1.049999999999999822e-01
-1.330000000000000071e-01 -9.100000000000019185e-02
-1.330000000000000071e-01 -7.699999999999995737e-02
-1.189999999999999947e-01 -9.100000000000019185e-02
-1.189999999999999947e-01 -7.699999999999995737e-02
-1.189999999999999947e-01 -6.300000000000016698e-02
-1.049999999999999822e-01 -7.699999999999995737e-02
-1.049999999999999822e-01 -6.300000000000016698e-02
-1.049999999999999822e-01 -4.899999999999993250e-02
-9.100000000000019185e-02 -6.300000000000016698e-02
-9.100000000000019185e-02 -4.899999999999993250e-02
-7.699999999999995737e-02 -6.300000000000016698e-02
-7.699999999999995737e-02 -4.899999999999993250e-02
-7.699999999999995737e-02 -3.500000000000014211e-02
-6.300000000000016698e-02 -4.899999999999993250e-02
-6.300000000000016698e-02 -3.500000000000014211e-02
-6.300000000000016698e-02 -2.099999999999990763e-02
-4.899999999999993250e-02 -3.500000000000014211e-02
-4.899999999999993250e-02 -2.099999999999990763e-02
-3.500000000000014211e-02 -3.500000000000014211e-02
-3.500000000000014211e-02 -2.099999999999990763e-02
-3.500000000000014211e-02 -7.000000000000117240e-03
-2.099999999999990763e-02 -2.099999999999990763e-02
-2.099999999999990763e-02 -7.000000000000117240e-03
-7.000000000000117240e-03 -2.099999999999990763e-02
-7.000000000000117240e-03 -7.000000000000117240e-03
-7.000000000000117240e-03 7.000000000000117240e-03
7.000000000000117240e-03 -7.000000000000117240e-03
7.000000000000117240e-03 7.000000000000117240e-03
7.000000000000117240e-03 2.099999999999990763e-02
2.099999999999990763e-02 7.000000000000117240e-03
2.099999999999990763e-02 2.099999999999990763e-02
2.099999999999990763e-02 3.500000000000014211e-02
3.500000000000014211e-02 2.099999999999990763e-02
3.500000000000014211e-02 3.500000000000014211e-02
4.899999999999993250e-02 2.099999999999990763e-02
4.899999999999993250e-02 3.500000000000014211e-02
4.899999999999993250e-02 4.899999999999993250e-02
6.300000000000016698e-02 3.500000000000014211e-02
6.300000000000016698e-02 4.899999999999993250e-02
6.300000000000016698e-02 6.300000000000016698e-02
7.699999999999995737e-02 4.899999999999993250e-02
7.699999999999995737e-02 6.300000000000016698e-02
9.099999999999974776e-02 4.899999999999993250e-02
9.099999999999974776e-02 6.300000000000016698e-02
9.099999999999974776e-02 7.699999999999995737e-02
1.049999999999999822e-01 6.300000000000016698e-02
1.049999999999999822e-01 7.699999999999995737e-02
1.049999999999999822e-01 9.099999999999974776e-02
1.189999999999997726e-01 7.699999999999995737e-02
1.189999999999997726e-01 9.099999999999974776e-02
1.189999999999997726e-01 1.049999999999999822e-01
1.330000000000000071e-01 9.099999999999974776e-02
1.330000000000000071e-01 1.049999999999999822e-01
1.469999999999997975e-01 9.099999999999974776e-02
1.469999999999997975e-01 1.049999999999999822e-01
1.469999999999997975e-01 1.189999999999997726e-01
1.610000000000000320e-01 1.049999999999999822e-01
1.610000000000000320e-01 1.189999999999997726e-01
1.610000000000000320e-01 1.330000000000000071e-01
1.749999999999998224e-01 1.189999999999997726e-01
1.749999999999998224e-01 1.330000000000000071e-01
1.890000000000000568e-01 1.189999999999997726e-01
1.890000000000000568e-01 1.330000000000000071e-01
1.890000000000000568e-01 1.469999999999997975e-01
2.029999999999998472e-01 1.330000000000000071e-01
2.029999999999998472e-01 1.469999999999997975e-01
2.029999999999998472e-01 1.610000000000000320e-01
2.170000000000000817e-01 1.469999999999997975e-01
2.170000000000000817e-01 1.610000000000000320e-01
2.309999999999998721e-01 1.469999999999997975e-01
2.309999999999998721e-01 1.610000000000000320e-01
2.309999999999998721e-01 1.749999999999998224e-01
2.450000000000001066e-01 1.610000000000000320e-01
2.450000000000001066e-01 1.749999999999998224e-01
2.450000000000001066e-01 1.890000000000000568e-01
2.589999999999998970e-01 1.749999999999998224e-01
2.589999999999998970e-01 1.890000000000000568e-01
2.730000000000001315e-01 1.749999999999998224e-01
2.730000000000001315e-01 1.890000000000000568e-01
2.730000000000001315e-01 2.029999999999998472e-01
2.869999999999999218e-01 1.890000000000000568e-01
2.869999999999999218e-01 2.029999999999998472e-01
2.869999999999999218e-01 2.170000000000000817e-01
3.010000000000001563e-01 2.029999999999998472e-01
3.010000000000001563e-01 2.170000000000000817e-01
3.149999999999999467e-01 2.029999999999998472e-01
3.149999999999999467e-01 2.170000000000000817e-01
3.149999999999999467e-01 2.309999999999998721e-01
3.290000000000001812e-01 2.170000000000000817e-01
3.290000000000001812e-01 2.309999999999998721e-01
3.429999999999999716e-01 2.170000000000000817e-01
3.429999999999999716e-01 2.309999999999998721e-01
3.429999999999999716e-01 2.450000000000001066e-01
3.569999999999997620e-01 2.309999999999998721e-01
3.569999999999997620e-01 2.450000000000001066e-01
3.569999999999997620e-01 2.589999999999998970e-01
3.709999999999999964e-01 2.450000000000001066e-01
3.709999999999999964e-01 2.589999999999998970e-01
3.849999999999997868e-01 2.450000000000001066e-01
3.849999999999997868e-01 2.589999999999998970e-01
3.849999999999997868e-01 2.730000000000001315e-01
3.990000000000000213e-01 2.589999999999998970e-01
3.990000000000000213e-01 2.730000000000001315e-01
4.129999999999998117e-01 2.589999999999998970e-01
4.129999999999998117e-01 2.730000000000001315e-01
4.129999999999998117e-01 2.869999999999999218e-01
4.270000000000000462e-01 2.730000000000001315e-01
4.270000000000000462e-01 2.869999999999999218e-01
4.270000000000000462e-01 3.010000000000001563e-01
4.409999999999998366e-01 2.869999999999999218e-01
4.409999999999998366e-01 3.010000000000001563e-01
4.550000000000000711e-01 2.869999999999999218e-01
4.550000000000000711e-01 3.010000000000001563e-01
4.550000000000000711e-01 3.149999999999999467e-01
4.689999999999998614e-01 3.010000000000001563e-01
4.689999999999998614e-01 3.149999999999999467e-01
4.689999999999998614e-01 3.290000000000001812e-01
4.830000000000000959e-01 3.149999999999999467e-01
4.830000000000000959e-01 3.290000000000001812e-01
4.969999999999998863e-01 3.149999999999999467e-01
4.969999999999998863e-01 3.290000000000001812e-01
4.969999999999998863e-01 3.429999999999999716e-01
5.110000000000001208e-01 3.290000000000001812e-01
5.110000000000001208e-01 3.429999999999999716e-01
5.249999999999999112e-01 3.290000000000001812e-01
5.249999999999999112e-01 3.429999999999999716e-01
5.390000000000001457e-01 3.290000000000001812e-01
5.390000000000001457e-01 3.429999999999999716e-01
5.390000000000001457e-01 3.569999999999997620e-01
5.529999999999999361e-01 3.429999999999999716e-01
5.529999999999999361e-01 3.569999999999997620e-01
5.529999999999999361e-01 3.709999999999999964e-01
5.670000000000001705e-01 3.569999999999997620e-01
5.670000000000001705e-01 3.709999999999999964e-01
5.670000000000001705e-01 3.849999999999997868e-01
5.809999999999999609e-01 3.709999999999999964e-01
5.809999999999999609e-01 3.849999999999997868e-01
5.949999999999997513e-01 3.709999999999999964e-01
5.949999999999997513e-01 3.849999999999997868e-01
6.089999999999999858e-01 3.709999999999999964e-01
6.089999999999999858e-01 3.849999999999997868e-01
6.089999999999999858e-01 3.990000000000000213e-01
6.229999999999997762e-01 3.849999999999997868e-01
6.229999999999997762e-01 3.990000000000000213e-01
6.229999999999997762e-01 4.129999999999998117e-01
6.370000000000000107e-01 3.990000000000000213e-01
6.370000000000000107e-01 4.129999999999998117e-01
6.509999999999998010e-01 3.990000000000000213e-01
6.509999999999998010e-01 4.129999999999998117e-01
6.650000000000000355e-01 3.990000000000000213e-01
6.650000000000000355e-01 4.129999999999998117e-01
6.650000000000000355e-01 4.270000000000000462e-01
6.789999999999998259e-01 4.129999999999998117e-01
6.789999999999998259e-01 4.270000000000000462e-01
6.930000000000000604e-01 4.129999999999998117e-01
6.930000000000000604e-01 4.270000000000000462e-01
6.930000000000000604e-01 4.409999999999998366e-01
7.069999999999998508e-01 4.270000000000000462e-01
7.069999999999998508e-01 4.409999999999998366e-01
7.210000000000000853e-01 4.270000000000000462e-01
7.210000000000000853e-01 4.409999999999998366e-01
7.210000000000000853e-01 4.550000000000000711e-01
7.349999999999998757e-01 4.409999999999998366e-01
7.349999999999998757e-01 4.550000000000000711e-01
7.490000000000001101e-01 4.409999999999998366e-01
7.490000000000001101e-01 4.550000000000000711e-01
7.629999999999999005e-01 4.409999999999998366e-01
7.629999999999999005e-01 4.550000000000000711e-01
7.629999999999999005e-01 4.689999999999998614e-01
7.770000000000001350e-01 4.550000000000000711e-01
7.770000000000001350e-01 4.689999999999998614e-01
7.909999999999999254e-01 4.550000000000000711e-01
7.909999999999999254e-01 4.689999999999998614e-01
7.909999999999999254e-01 4.830000000000000959e-01
8.050000000000001599e-01 4.689999999999998614e-01
8.050000000000001599e-01 4.830000000000000959e-01
8.189999999999999503e-01 4.689999999999998614e-01
8.189999999999999503e-01 4.830000000000000959e-01
8.189999999999999503e-01 4.969999999999998863e-01
8.330000000000001847e-01 4.830000000000000959e-01
8.330000000000001847e-01 4.969999999999998863e-01
8.469999999999999751e-01 4.830000000000000959e-01
8.469999999999999751e-01 4.969999999999998863e-01
8.609999999999997655e-01 4.830000000000000959e-01
8.609999999999997655e-01 4.969999999999998863e-01
8.609999999999997655e-01 5.110000000000001208e-01
8.750000000000000000e-01 4.969999999999998863e-01
8.750000000000000000e-01 5.110000000000001208e-01
8.889999999999997904e-01 4.969999999999998863e-01
8.889999999999997904e-01 5.110000000000001208e-01
9.030000000000000249e-01 4.969999999999998863e-01
9.030000000000000249e-01 5.110000000000001208e-01
9.030000000000000249e-01 5.249999999999999112e-01
9.169999999999998153e-01 5.110000000000001208e-01
9.169999999999998153e-01 5.249999999999999112e-01
9.310000000000000497e-01 5.110000000000001208e-01
9.310000000000000497e-01 5.249999999999999112e-01
9.449999999999998401e-01 5.110000000000001208e-01
9.449999999999998401e-01 5.249999999999999112e-01
9.449999999999998401e-01 5.390000000000001457e-01
9.590000000000000746e-01 5.249999999999999112e-01
9.590000000000000746e-01 5.390000000000001457e-01
9.729999999999998650e-01 5.249999999999999112e-01
9.729999999999998650e-01 5.390000000000001457e-01
9.870000000000000995e-01 5.249999999999999112e-01
9.870000000000000995e-01 5.390000000000001457e-01
9.870000000000000995e-01 5.529999999999999361e-01
1.000999999999999890e+00 5.390000000000001457e-01
1.000999999999999890e+00 5.529999999999999361e-01
1.015000000000000124e+00 5.390000000000001457e-01
1.015000000000000124e+00 5.529999999999999361e-01
1.028999999999999915e+00 5.390000000000001457e-01
1.028999999999999915e+00 5.529999999999999361e-01
1.043000000000000149e+00 5.390000000000001457e-01
1.043000000000000149e+00 5.529999999999999361e-01
1.056999999999999940e+00 5.390000000000001457e-01
1.056999999999999940e+00 5.529999999999999361e-01
1.056999999999999940e+00 5.670000000000001705e-01
1.071000000000000174e+00 5.529999999999999361e-01
1.071000000000000174e+00 5.670000000000001705e-01
1.084999999999999964e+00 5.529999999999999361e-01
1.084999999999999964e+00 5.670000000000001705e-01
1.099000000000000199e+00 5.529999999999999361e-01
1.099000000000000199e+00 5.670000000000001705e-01
1.112999999999999989e+00 5.529999999999999361e-01
1.112999999999999989e+00 5.670000000000001705e-01
1.126999999999999780e+00 5.529999999999999361e-01
1.126999999999999780e+00 5.670000000000001705e-01
1.141000000000000014e+00 5.529999999999999361e-01
1.141000000000000014e+00 5.670000000000001705e-01
1.141000000000000014e+00 5.809999999999999609e-01
1.154999999999999805e+00 5.670000000000001705e-01
1.154999999999999805e+00 5.809999999999999609e-01
1.169000000000000039e+00 5.670000000000001705e-01
1.169000000000000039e+00 5.809999999999999609e-01
1.182999999999999829e+00 5.670000000000001705e-01
1.182999999999999829e+00 5.809999999999999609e-01
1.197000000000000064e+00 5.670000000000001705e-01
1.197000000000000064e+00 5.809999999999999609e-01
1.210999999999999854e+00 5.670000000000001705e-01
1.210999999999999854e+00 5.809999999999999609e-01
1.225000000000000089e+00 5.670000000000001705e-01
1.225000000000000089e+00 5.809999999999999609e-01
1.238999999999999879e+00 5.670000000000001705e-01
1.238999999999999879e+00 5.809999999999999609e-01
1.253000000000000114e+00 5.670000000000001705e-01
1.253000000000000114e+00 5.809999999999999609e-01
1.266999999999999904e+00 5.670000000000001705e-01
1.266999999999999904e+00 5.809999999999999609e-01
1.281000000000000139e+00 5.670000000000001705e-01
1.281000000000000139e+00 5.809999999999999609e-01
1.294999999999999929e+00 5.670000000000001705e-01
1.294999999999999929e+00 5.809999999999999609e-01
1.309000000000000163e+00 5.670000000000001705e-01
1.309000000000000163e+00 5.809999999999999609e-01
1.322999999999999954e+00 5.670000000000001705e-01
1.322999999999999954e+00 5.809999999999999609e-01
1.337000000000000188e+00 5.670000000000001705e-01
1.337000000000000188e+00 5.809999999999999609e-01
1.350999999999999979e+00 5.670000000000001705e-01
1.350999999999999979e+00 5.809999999999999609e-01
1.364999999999999769e+00 5.670000000000001705e-01
1.364999999999999769e+00 5.809999999999999609e-01
1.379000000000000004e+00 5.670000000000001705e-01
1.379000000000000004e+00 5.809999999999999609e-01
1.392999999999999794e+00 5.670000000000001705e-01
1.392999999999999794e+00 5.809999999999999609e-01
1.407000000000000028e+00 5.529999999999999361e-01
1.407000000000000028e+00 5.670000000000001705e-01
1.420999999999999819e+00 5.529999999999999361e-01
1.420999999999999819e+00 5.670000000000001705e-01
1.435000000000000053e+00 5.529999999999999361e-01
1.435000000000000053e+00 5.670000000000001705e-01
1.448999999999999844e+00 5.529999999999999361e-01
1.448999999999999844e+00 5.670000000000001705e-01
1.463000000000000078e+00 5.529999999999999361e-01
1.463000000000000078e+00 5.670000000000001705e-01
1.476999999999999869e+00 5.390000000000001457e-01
1.476999999999999869e+00 5.529999999999999361e-01
1.491000000000000103e+00 5.390000000000001457e-01
1.491000000000000103e+00 5.529999999999999361e-01
1.504999999999999893e+00 5.390000000000001457e-01
1.504999999999999893e+00 5.529999999999999361e-01
1.519000000000000128e+00 5.390000000000001457e-01
1.519000000000000128e+00 5.529999999999999361e-01
1.532999999999999918e+00 5.249999999999999112e-01
1.532999999999999918e+00 5.390000000000001457e-01
1.547000000000000153e+00 5.249999999999999112e-01
1.547000000000000153e+00 5.390000000000001457e-01
1.560999999999999943e+00 5.110000000000001208e-01
1.560999999999999943e+00 5.249999999999999112e-01
1.575000000000000178e+00 5.110000000000001208e-01
1.575000000000000178e+00 5.249999999999999112e-01
1.588999999999999968e+00 5.110000000000001208e-01
1.588999999999999968e+00 5.249999999999999112e-01
1.603000000000000203e+00 4.969999999999998863e-01
1.603000000000000203e+00 5.110000000000001208e-01
1.616999999999999993e+00 4.969999999999998863e-01
1.616999999999999993e+00 5.110000000000001208e-01
1.630999999999999783e+00 4.969999999999998863e-01
1.630999999999999783e+00 5.110000000000001208e-01
1.645000000000000018e+00 4.830000000000000959e-01
1.645000000000000018e+00 4.969999999999998863e-01
1.658999999999999808e+00 4.689999999999998614e-01
1.658999999999999808e+00 4.830000000000000959e-01
1.673000000000000043e+00 4.689999999999998614e-01
1.673000000000000043e+00 4.830000000000000959e-01
1.686999999999999833e+00 4.550000000000000711e-01
1.686999999999999833e+00 4.689999999999998614e-01
1.701000000000000068e+00 4.409999999999998366e-01
1.701000000000000068e+00 4.550000000000000711e-01
1.714999999999999858e+00 4.409999999999998366e-01
1.714999999999999858e+00 4.550000000000000711e-01
1.729000000000000092e+00 4.270000000000000462e-01
1.729000000000000092e+00 4.409999999999998366e-01
1.742999999999999883e+00 4.129999999999998117e-01
1.742999999999999883e+00 4.270000000000000462e-01
1.757000000000000117e+00 4.129999999999998117e-01
1.757000000000000117e+00 4.270000000000000462e-01
1.770999999999999908e+00 3.990000000000000213e-01
1.770999999999999908e+00 4.129999999999998117e-01
1.785000000000000142e+00 3.849999999999997868e-01
1.785000000000000142e+00 3.990000000000000213e-01
1.798999999999999932e+00 3.709999999999999964e-01
1.798999999999999932e+00 3.849999999999997868e-01
1.813000000000000167e+00 3.569999999999997620e-01
1.813000000000000167e+00 3.709999999999999964e-01
1.826999999999999957e+00 3.429999999999999716e-01
1.826999999999999957e+00 3.569999999999997620e-01
1.841000000000000192e+00 3.290000000000001812e-01
1.841000000000000192e+00 3.429999999999999716e-01
1.854999999999999982e+00 3.149999999999999467e-01
1.854999999999999982e+00 3.290000000000001812e-01
1.868999999999999773e+00 3.010000000000001563e-01
1.868999999999999773e+00 3.149999999999999467e-01
1.883000000000000007e+00 2.730000000000001315e-01
1.883000000000000007e+00 2.869999999999999218e-01
1.896999999999999797e+00 2.589999999999998970e-01
1.896999999999999797e+00 2.730000000000001315e-01
1.911000000000000032e+00 2.309999999999998721e-01
1.911000000000000032e+00 2.450000000000001066e-01
1.911000000000000032e+00 2.589999999999998970e-01
1.925000000000000266e+00 2.029999999999998472e-01
1.925000000000000266e+00 2.170000000000000817e-01
1.925000000000000266e+00 2.309999999999998721e-01
1.938999999999999613e+00 1.749999999999998224e-01
1.938999999999999613e+00 1.890000000000000568e-01
1.938999999999999613e+00 2.029999999999998472e-01
1.952999999999999847e+00 1.469999999999997975e-01
1.952999999999999847e+00 1.610000000000000320e-01
1.952999999999999847e+00 1.749999999999998224e-01
1.967000000000000082e+00 9.099999999999974776e-02
1.967000000000000082e+00 1.049999999999999822e-01
1.967000000000000082e+00 1.189999999999997726e-01
1.967000000000000082e+00 1.330000000000000071e-01
1.967000000000000082e+00 1.469999999999997975e-01
1.981000000000000316e+00 -7.000000000000117240e-03
1.981000000000000316e+00 7.000000000000117240e-03
1.981000000000000316e+00 2.099999999999990763e-02
1.981000000000000316e+00 3.500000000000014211e-02
1.981000000000000316e+00 4.899999999999993250e-02
1.981000000000000316e+00 6.300000000000016698e-02
1.981000000000000316e+00 7.699999999999995737e-02
1.981000000000000316e+00 9.099999999999974776e-02
1.994999999999999662e+00 -7.000000000000117240e-03
